 0.489469
 0.259528
 -0.054649
 -0.030412
 0.288403
 0.781335
 0.552793
 0.424166
 0.050351
 0.374788
 0.831524
 0.317048
 -0.161104
 -0.218033
 -0.210993
 0.263557
 0.138383
 -0.458245
 -0.615042
 -0.479801
 -0.192595
 -0.521680
 -0.078827
 -0.879719
 -0.187333
 0.050558
 -0.530325
 0.194667
 -0.360403
 0.086998
 -0.014106
 -0.257078
 -0.243622
 -0.108520
 0.197616
 0.546835
 0.925458
 0.112919
 0.762969
 0.322965
 0.563622
 0.189814
 0.622274
 0.655597
 -0.185935
 -0.339499
 -0.034452
 -0.229902
 -0.466506
 -0.814093
 -0.188120
 -0.208169
 -0.012855
 -0.271028
 -0.208800
 -0.274457
 -0.370221
 -0.095735
 0.274647
 -0.070171
 -0.131548
 0.011713
 0.480815
 0.321697
 0.148188
 0.697750
 0.600746
 0.954556
 0.103537
 0.589529
 0.393664
 0.030424
 -0.050106
 0.693463
 0.166139
 -0.113749
 -0.211899
 -0.131701
 -0.412564
 0.052647
 -0.933223
 -0.731790
 -0.614631
 -0.921827
 -0.955412
 -0.758995
 -0.449876
 -0.615896
 -0.351636
 -0.293858
 0.192265
 -0.086853
 0.604492
 0.497774
 0.645362
 0.764444
 0.135646
 0.565236
 0.806616
 0.411107
