0.000000 0.489469
0.000244 0.498618
0.000488 0.169985
0.000732 0.474415
0.000976 0.154532
0.001220 0.295587
0.001464 -0.021609
0.001708 0.322132
0.001952 -0.179877
0.002196 -0.426887
0.002440 0.250791
0.002684 0.083842
0.002928 0.421674
0.003172 -0.164995
0.003416 -0.028571
0.003660 0.496790
0.003904 0.375681
0.004148 -0.272054
0.004392 -0.139572
0.004636 -0.215872
0.004880 -0.276579
0.005124 -0.405945
0.005368 0.336689
0.005612 0.131852
0.005856 -0.391392
0.006100 -0.275795
0.006344 -0.356949
0.006588 -0.242104
0.006832 0.120301
0.007076 -0.030890
0.007320 -0.085270
0.007564 -0.020808
0.007808 0.032245
0.008052 -0.136079
0.008296 0.472502
0.008540 0.182767
0.008784 0.470062
0.009028 -0.077240
0.009272 0.121612
0.009516 0.107930
0.009760 0.037277
0.010004 0.259528
0.010248 -0.262193
0.010492 0.344615
0.010736 0.431701
0.010980 0.190909
0.011224 -0.078292
0.011468 0.455254
0.011712 0.083140
0.011956 -0.021570
0.012200 0.002997
0.012444 0.625812
0.012688 -0.155877
0.012932 0.364868
0.013176 0.175203
0.013420 0.252160
0.013664 0.264363
0.013908 0.062500
0.014152 0.042601
0.014396 0.368668
0.014640 0.480356
0.014884 -0.151772
0.015128 0.360814
0.015372 0.324334
0.015616 0.252005
0.015860 0.422642
0.016104 0.251493
0.016348 0.613589
0.016592 0.176213
0.016836 -0.310981
0.017080 0.673477
0.017324 0.267650
0.017568 0.610130
0.017812 0.608324
0.018056 0.430326
0.018300 -0.287646
0.018544 0.334253
0.018788 0.286803
0.019032 0.496942
0.019276 0.499356
0.019520 0.487110
0.019764 0.452108
0.020008 -0.054649
0.020252 -0.183536
0.020496 -0.197242
0.020740 -0.025484
0.020984 0.251457
0.021228 0.183516
0.021472 0.682101
0.021716 0.589087
0.021960 0.263942
0.022204 0.240260
0.022448 0.129572
0.022692 0.475597
0.022936 0.616491
0.023180 0.032004
0.023424 0.086323
0.023668 -0.148395
0.023912 -0.135463
0.024156 0.699557
0.024400 0.191070
0.024644 0.236077
0.024888 0.128171
0.025132 -0.019867
0.025376 0.499746
0.025620 0.538601
0.025864 0.521825
0.026108 0.424511
0.026352 0.195940
0.026596 0.631519
0.026840 0.152309
0.027084 0.737593
0.027328 -0.177850
0.027572 0.560264
0.027816 -0.033130
0.028060 0.148156
0.028304 0.064310
0.028548 0.049082
0.028792 0.231628
0.029036 0.214072
0.029280 0.619790
0.029524 0.457501
0.029768 -0.077577
0.030012 -0.030412
0.030256 0.181369
0.030500 -0.155419
0.030744 -0.191153
0.030988 -0.179832
0.031232 0.066699
0.031476 0.296504
0.031720 0.512895
0.031964 0.092278
0.032208 0.526496
0.032452 0.174456
0.032696 0.323877
0.032940 0.643071
0.033184 0.261037
0.033428 0.438246
0.033672 0.049633
0.033916 0.437387
0.034160 0.177133
0.034404 0.702838
0.034648 0.686941
0.034892 0.497442
0.035136 -0.083347
0.035380 0.183074
0.035624 0.190955
0.035868 0.131951
0.036112 0.187627
0.036356 0.183606
0.036600 0.125857
0.036844 -0.148963
0.037088 0.429395
0.037332 0.290119
0.037576 0.477428
0.037820 -0.127679
0.038064 0.843079
0.038308 -0.082578
0.038552 0.408975
0.038796 0.625737
0.039040 0.318427
0.039284 0.371982
0.039528 0.241965
0.039772 0.162220
0.040016 0.288403
0.040260 0.083669
0.040504 0.442614
0.040748 0.873080
0.040992 0.042848
0.041236 0.164138
0.041480 -0.104925
0.041724 0.426220
0.041968 0.532198
0.042212 -0.052458
0.042456 0.243813
0.042700 0.325168
0.042944 0.192981
0.043188 0.669597
0.043432 0.584827
0.043676 -0.002109
0.043920 0.825601
0.044164 -0.057856
0.044408 0.288083
0.044652 0.820480
0.044896 0.056648
0.045140 0.178274
0.045384 0.232171
0.045628 -0.016724
0.045872 0.416089
0.046116 0.625422
0.046360 0.231870
0.046604 0.604526
0.046848 0.560889
0.047092 0.161649
0.047336 -0.059010
0.047580 -0.001116
0.047824 0.676642
0.048068 0.512232
0.048312 0.010374
0.048556 0.505754
0.048800 0.588061
0.049044 0.042170
0.049288 0.783423
0.049532 0.785197
0.049776 0.609491
0.050020 0.781335
0.050264 0.310044
0.050508 -0.013759
0.050752 0.667396
0.050996 0.838007
0.051240 -0.040205
0.051484 0.694884
0.051728 0.725024
0.051972 0.857590
0.052216 0.416395
0.052460 0.067531
0.052704 0.041468
0.052948 0.682332
0.053192 0.333933
0.053436 0.056117
0.053680 0.295726
0.053924 0.868730
0.054168 0.436628
0.054412 0.131421
0.054656 0.107389
0.054900 0.218064
0.055144 0.343227
0.055388 0.410691
0.055632 -0.014982
0.055876 -0.022449
0.056120 0.897229
0.056364 0.595707
0.056608 0.233455
0.056852 0.867159
0.057096 0.283944
0.057340 0.627593
0.057584 0.851323
0.057828 0.588978
0.058072 0.716559
0.058316 0.464940
0.058560 0.950340
0.058804 -0.024616
0.059048 0.971134
0.059292 0.890966
0.059536 0.726816
0.059780 0.431967
0.060024 0.552793
0.060268 0.756325
0.060512 0.517657
0.060756 0.831727
0.061000 0.774034
0.061244 0.563641
0.061488 0.971330
0.061732 0.516631
0.061976 0.526263
0.062220 0.800289
0.062464 0.865365
0.062708 0.562928
0.062952 0.026041
0.063196 0.925266
0.063440 0.601448
0.063684 0.966241
0.063928 0.317241
0.064172 0.416603
0.064416 0.909953
0.064660 0.903039
0.064904 0.809988
0.065148 0.785706
0.065392 0.794129
0.065636 0.724258
0.065880 0.638562
0.066124 0.964729
0.066368 0.246163
0.066612 0.837929
0.066856 0.118244
0.067100 0.973171
0.067344 0.765836
0.067588 0.136362
0.067832 0.083470
0.068076 0.270002
0.068320 0.213208
0.068564 0.124839
0.068808 0.387864
0.069052 0.697688
0.069296 0.026436
0.069540 0.407484
0.069784 0.347925
0.070028 0.424166
0.070272 0.336207
0.070516 0.686953
0.070760 0.410811
0.071004 0.789187
0.071248 0.007863
0.071492 0.933870
0.071736 0.828551
0.071980 0.461188
0.072224 0.142530
0.072468 0.882797
0.072712 0.618988
0.072956 0.810917
0.073200 0.068395
0.073444 0.510078
0.073688 0.595186
0.073932 0.908156
0.074176 0.353426
0.074420 0.650901
0.074664 0.744550
0.074908 0.047718
0.075152 0.871185
0.075396 0.410952
0.075640 0.738549
0.075884 0.210914
0.076128 0.450173
0.076372 0.529294
0.076616 0.854932
0.076860 0.369183
0.077104 0.138515
0.077348 0.348739
0.077592 0.092857
0.077836 0.035025
0.078080 0.615523
0.078324 0.549945
0.078568 0.763011
0.078812 0.968126
0.079056 0.780416
0.079300 0.305224
0.079544 0.333488
0.079788 0.441301
0.080032 0.050351
0.080276 0.008545
0.080520 0.812475
0.080764 0.973705
0.081008 0.398703
0.081252 0.238408
0.081496 0.449786
0.081740 0.936777
0.081984 0.664724
0.082228 0.108688
0.082472 0.037609
0.082716 0.939798
0.082960 0.165943
0.083204 0.664950
0.083448 0.592413
0.083692 0.400520
0.083936 0.144613
0.084180 0.481694
0.084424 0.698730
0.084668 0.208160
0.084912 0.079234
0.085156 0.116951
0.085400 0.296374
0.085644 0.884128
0.085888 0.392963
0.086132 0.580910
0.086376 0.192313
0.086620 0.146923
0.086864 0.589176
0.087108 0.474010
0.087352 0.078394
0.087596 0.287921
0.087840 0.346499
0.088084 0.951501
0.088328 0.336053
0.088572 0.263687
0.088816 0.603776
0.089060 0.170354
0.089304 0.409637
0.089548 0.911408
0.089792 0.166760
0.090036 0.374788
0.090280 0.029052
0.090524 0.193805
0.090768 0.867326
0.091012 0.276773
0.091256 0.063457
0.091500 0.879191
0.091744 0.806789
0.091988 0.887780
0.092232 0.287008
0.092476 0.563756
0.092720 0.714367
0.092964 0.457684
0.093208 0.837958
0.093452 0.441689
0.093696 0.952282
0.093940 0.677770
0.094184 0.652370
0.094428 0.729490
0.094672 0.198504
0.094916 0.803225
0.095160 0.653715
0.095404 0.151068
0.095648 0.338285
0.095892 0.851958
0.096136 -0.020537
0.096380 0.389488
0.096624 0.596407
0.096868 0.536095
0.097112 0.026335
0.097356 0.911781
0.097600 0.440341
0.097844 0.081764
0.098088 0.594676
0.098332 0.073138
0.098576 0.286652
0.098820 0.593872
0.099064 0.914207
0.099308 0.906592
0.099552 0.541028
0.099796 0.122454
0.100040 0.831524
0.100284 0.504239
0.100528 0.003723
0.100772 0.085760
0.101016 -0.058840
0.101260 0.397142
0.101504 0.171364
0.101748 0.207761
0.101992 -0.058977
0.102236 0.838805
0.102480 0.466701
0.102724 0.624868
0.102968 -0.005977
0.103212 0.399886
0.103456 -0.072855
0.103700 0.319330
0.103944 0.376567
0.104188 0.778919
0.104432 0.383478
0.104676 0.534964
0.104920 0.195409
0.105164 0.236843
0.105408 0.660391
0.105652 0.331272
0.105896 0.454300
0.106140 0.560473
0.106384 0.829417
0.106628 -0.067181
0.106872 0.251243
0.107116 -0.038594
0.107360 0.045809
0.107604 0.029639
0.107848 0.388178
0.108092 0.816894
0.108336 0.001257
0.108580 0.684984
0.108824 0.173577
0.109068 0.658878
0.109312 0.522138
0.109556 0.007014
0.109800 0.700098
0.110044 0.317048
0.110288 0.346300
0.110532 0.240012
0.110776 0.377964
0.111020 0.622625
0.111264 0.608495
0.111508 0.432106
0.111752 0.005208
0.111996 0.578862
0.112240 0.065976
0.112484 0.335268
0.112728 0.156551
0.112972 0.404669
0.113216 0.595871
0.113460 0.694064
0.113704 0.171842
0.113948 0.357361
0.114192 -0.005036
0.114436 0.579215
0.114680 0.525301
0.114924 0.741378
0.115168 0.613603
0.115412 -0.077650
0.115656 -0.143193
0.115900 0.008099
0.116144 -0.145023
0.116388 -0.091748
0.116632 0.446862
0.116876 0.354433
0.117120 0.070558
0.117364 0.380831
0.117608 0.415596
0.117852 0.725259
0.118096 -0.116243
0.118340 -0.081190
0.118584 0.428261
0.118828 0.626548
0.119072 0.471827
0.119316 0.737754
0.119560 0.187361
0.119804 0.655179
0.120048 -0.161104
0.120292 0.074417
0.120536 0.493462
0.120780 0.152124
0.121024 0.609779
0.121268 0.209958
0.121512 0.155254
0.121756 -0.115551
0.122000 0.376887
0.122244 -0.212307
0.122488 0.530991
0.122732 0.163282
0.122976 0.130879
0.123220 0.582563
0.123464 -0.018542
0.123708 0.303253
0.123952 -0.193147
0.124196 0.377384
0.124440 0.016784
0.124684 -0.169667
0.124928 0.476719
0.125172 0.103474
0.125416 0.417440
0.125660 0.343619
0.125904 0.219542
0.126148 -0.099573
0.126392 0.111556
0.126636 0.437898
0.126880 0.200639
0.127124 0.252812
0.127368 0.088979
0.127612 0.592797
0.127856 -0.008767
0.128100 -0.141180
0.128344 0.133776
0.128588 0.435351
0.128832 0.659139
0.129076 0.387672
0.129320 0.656481
0.129564 0.281377
0.129808 0.662675
0.130052 -0.218033
0.130296 0.407067
0.130540 0.362880
0.130784 0.078156
0.131028 0.261334
0.131272 0.350006
0.131516 0.646768
0.131760 0.192899
0.132004 0.683369
0.132248 0.482929
0.132492 0.652077
0.132736 -0.005467
0.132980 0.418172
0.133224 -0.120475
0.133468 0.171249
0.133712 0.588155
0.133956 0.392933
0.134200 -0.261450
0.134444 0.301912
0.134688 0.072489
0.134932 0.462812
0.135176 -0.280056
0.135420 -0.304460
0.135664 -0.094024
0.135908 -0.236154
0.136152 0.349211
0.136396 0.429261
0.136640 0.294901
0.136884 0.204912
0.137128 -0.228612
0.137372 0.406767
0.137616 -0.366232
0.137860 -0.245454
0.138104 -0.363866
0.138348 -0.305125
0.138592 0.529863
0.138836 -0.321371
0.139080 0.394360
0.139324 -0.298036
0.139568 0.443033
0.139812 0.385975
0.140056 -0.210993
0.140300 -0.395869
0.140544 0.471971
0.140788 0.037152
0.141032 -0.180264
0.141276 -0.073775
0.141520 0.318055
0.141764 0.573445
0.142008 -0.036199
0.142252 -0.317219
0.142496 -0.041336
0.142740 0.322108
0.142984 -0.065918
0.143228 -0.013822
0.143472 0.059991
0.143716 -0.166291
0.143960 -0.244700
0.144204 0.527764
0.144448 -0.338054
0.144692 0.108345
0.144936 0.439805
0.145180 -0.161924
0.145424 0.165533
0.145668 -0.133074
0.145912 0.044693
0.146156 -0.267103
0.146400 0.154349
0.146644 0.023301
0.146888 0.390252
0.147132 -0.149017
0.147376 0.081088
0.147620 0.013911
0.147864 0.222452
0.148108 -0.310225
0.148352 0.350721
0.148596 0.141417
0.148840 0.099769
0.149084 0.045433
0.149328 -0.168528
0.149572 -0.412177
0.149816 -0.214201
0.150060 0.263557
0.150304 0.324501
0.150548 0.253978
0.150792 0.429110
0.151036 0.206399
0.151280 0.024001
0.151524 0.081540
0.151768 0.311424
0.152012 0.343559
0.152256 -0.501088
0.152500 0.013423
0.152744 0.445340
0.152988 -0.128398
0.153232 0.227114
0.153476 0.249472
0.153720 -0.196857
0.153964 0.269346
0.154208 0.213768
0.154452 -0.047089
0.154696 -0.542757
0.154940 0.194951
0.155184 -0.275340
0.155428 0.064651
0.155672 0.414582
0.155916 0.131140
0.156160 -0.333458
0.156404 0.380884
0.156648 0.425165
0.156892 -0.315396
0.157136 -0.355486
0.157380 -0.449230
0.157624 -0.453223
0.157868 -0.054026
0.158112 0.228986
0.158356 0.150500
0.158600 -0.253578
0.158844 -0.183434
0.159088 -0.537476
0.159332 -0.510734
0.159577 0.320824
0.159821 -0.291773
0.160065 0.138383
0.160309 0.304417
0.160553 -0.584546
0.160797 -0.477475
0.161041 -0.118464
0.161285 0.001269
0.161529 -0.574370
0.161773 0.315432
0.162017 -0.435950
0.162261 -0.405955
0.162505 -0.441268
0.162749 -0.446391
0.162993 0.085240
0.163237 0.004530
0.163481 0.340450
0.163725 -0.630846
0.163969 0.048705
0.164213 -0.125865
0.164457 0.345226
0.164701 -0.281711
0.164945 -0.633020
0.165189 -0.454167
0.165433 -0.067311
0.165677 -0.149294
0.165921 0.324945
0.166165 -0.627498
0.166409 0.271375
0.166653 -0.004154
0.166897 0.133853
0.167141 0.007584
0.167385 -0.569619
0.167629 -0.328035
0.167873 -0.493479
0.168117 -0.165667
0.168361 -0.178757
0.168605 -0.475279
0.168849 0.285453
0.169093 0.190066
0.169337 -0.230035
0.169581 0.101119
0.169825 -0.345159
0.170069 -0.458245
0.170313 -0.498200
0.170557 -0.534494
0.170801 -0.032157
0.171045 0.268530
0.171289 -0.681091
0.171533 0.063388
0.171777 -0.279659
0.172021 0.208550
0.172265 0.252952
0.172509 -0.260422
0.172753 -0.297570
0.172997 -0.374900
0.173241 -0.026662
0.173485 -0.682979
0.173729 -0.141072
0.173973 -0.250565
0.174217 0.232729
0.174461 -0.357845
0.174705 -0.110069
0.174949 -0.444255
0.175193 -0.369185
0.175437 -0.496233
0.175681 0.123288
0.175925 -0.075247
0.176169 -0.022431
0.176413 -0.669390
0.176657 -0.310748
0.176901 -0.147506
0.177145 0.037744
0.177389 0.074969
0.177633 -0.470518
0.177877 -0.140059
0.178121 -0.062875
0.178365 0.187785
0.178609 -0.728704
0.178853 -0.739654
0.179097 0.012310
0.179341 0.092093
0.179585 -0.501866
0.179829 -0.559911
0.180073 -0.615042
0.180317 0.060365
0.180561 -0.551938
0.180805 -0.190609
0.181049 0.042041
0.181293 -0.097270
0.181537 -0.329010
0.181781 -0.420555
0.182025 -0.296842
0.182269 -0.628090
0.182513 -0.323642
0.182757 0.021752
0.183001 -0.743752
0.183245 -0.308873
0.183489 0.102202
0.183733 -0.633965
0.183977 0.042815
0.184221 0.111384
0.184465 -0.563132
0.184709 -0.006452
0.184953 -0.225951
0.185197 -0.095784
0.185441 -0.175109
0.185685 0.080981
0.185929 -0.640858
0.186173 -0.303687
0.186417 -0.012039
0.186661 -0.647819
0.186905 -0.573216
0.187149 -0.447822
0.187393 -0.207543
0.187637 0.093338
0.187881 -0.178490
0.188125 -0.288965
0.188369 -0.505400
0.188613 0.088144
0.188857 -0.144335
0.189101 -0.615585
0.189345 -0.805138
0.189589 -0.370712
0.189833 -0.401308
0.190077 -0.479801
0.190321 -0.467722
0.190565 -0.737914
0.190809 -0.015409
0.191053 -0.059800
0.191297 -0.849619
0.191541 -0.582990
0.191785 0.019055
0.192029 -0.243296
0.192273 -0.034106
0.192517 -0.413062
0.192761 -0.132383
0.193005 -0.525413
0.193249 -0.228401
0.193493 -0.794098
0.193737 -0.894346
0.193981 -0.314710
0.194225 -0.796219
0.194469 -0.115155
0.194713 -0.088175
0.194957 -0.241059
0.195201 -0.392901
0.195445 -0.838639
0.195689 -0.513679
0.195933 -0.559395
0.196177 -0.173601
0.196421 -0.580765
0.196665 -0.525262
0.196910 -0.242904
0.197154 -0.542192
0.197398 -0.865844
0.197642 -0.320984
0.197886 -0.859364
0.198130 -0.409670
0.198374 -0.898122
0.198618 -0.162875
0.198862 -0.824304
0.199106 -0.431629
0.199350 -0.194973
0.199594 -0.248181
0.199838 -0.125160
0.200082 -0.192595
0.200326 -0.425145
0.200570 -0.449308
0.200814 -0.109616
0.201058 -0.806506
0.201302 -0.295822
0.201546 -0.641909
0.201790 -0.432358
0.202034 -0.901827
0.202278 -0.832379
0.202522 -0.839450
0.202766 -0.753634
0.203010 -0.460526
0.203254 -0.894187
0.203498 -0.853274
0.203742 -0.283505
0.203986 -0.478818
0.204230 -0.270901
0.204474 -0.696816
0.204718 -0.765781
0.204962 -0.919422
0.205206 -0.202207
0.205450 -0.452730
0.205694 0.005196
0.205938 -0.923241
0.206182 -0.665385
0.206426 -0.821297
0.206670 -0.459385
0.206914 -0.749680
0.207158 -0.274056
0.207402 -0.069952
0.207646 -0.207554
0.207890 -0.414175
0.208134 -0.132065
0.208378 -0.601162
0.208622 -0.525652
0.208866 -0.491880
0.209110 -0.486253
0.209354 -0.858706
0.209598 -0.525366
0.209842 -0.056014
0.210086 -0.521680
0.210330 -0.790459
0.210574 -0.233257
0.210818 -0.219605
0.211062 -0.143190
0.211306 -0.586576
0.211550 -0.275449
0.211794 -0.249746
0.212038 -0.087344
0.212282 -0.911648
0.212526 -0.752221
0.212770 -0.722718
0.213014 -0.207609
0.213258 -0.349956
0.213502 -0.395478
0.213746 -0.688925
0.213990 -0.277703
0.214234 -0.282468
0.214478 -0.603346
0.214722 -0.316241
0.214966 -0.155937
0.215210 -0.913808
0.215454 -0.445415
0.215698 -0.980791
0.215942 -0.654748
0.216186 -0.668692
0.216430 -0.232342
0.216674 -0.273667
0.216918 -0.958979
0.217162 -0.676403
0.217406 -0.744002
0.217650 -0.892400
0.217894 -0.936910
0.218138 -0.561314
0.218382 -0.709080
0.218626 -0.885895
0.218870 -0.187291
0.219114 -0.259456
0.219358 -0.630763
0.219602 -0.221714
0.219846 -0.166840
0.220090 -0.078827
0.220334 -0.551802
0.220578 -0.144420
0.220822 -0.241462
0.221066 -0.722679
0.221310 -0.852539
0.221554 -0.293605
0.221798 -0.004657
0.222042 -0.494635
0.222286 -0.676255
0.222530 -0.050300
0.222774 -0.707926
0.223018 -0.403819
0.223262 -0.075106
0.223506 -0.081068
0.223750 -0.145641
0.223994 -0.389452
0.224238 -0.470093
0.224482 -0.547564
0.224726 -0.839211
0.224970 -0.383312
0.225214 -0.520120
0.225458 -0.951289
0.225702 -0.863415
0.225946 -0.428558
0.226190 -0.992001
0.226434 -0.081712
0.226678 -0.159441
0.226922 -0.574345
0.227166 -0.726829
0.227410 -0.036613
0.227654 -0.677696
0.227898 -0.764173
0.228142 -0.295761
0.228386 -0.783556
0.228630 -0.194743
0.228874 -0.437511
0.229118 -0.438547
0.229362 -0.230883
0.229606 -0.147487
0.229850 -0.062766
0.230094 -0.879719
0.230338 -0.277597
0.230582 -0.328930
0.230826 -0.320782
0.231070 -0.614683
0.231314 -0.810259
0.231558 -0.788916
0.231802 -0.157497
0.232046 -0.260940
0.232290 -0.115808
0.232534 -0.783725
0.232778 -0.424317
0.233022 -0.567177
0.233266 -0.679494
0.233510 -0.118235
0.233754 -0.325431
0.233998 -0.674334
0.234242 -0.836005
0.234487 -0.724382
0.234731 -0.390247
0.234975 -0.222410
0.235219 -0.242999
0.235463 -0.819763
0.235707 -0.190045
0.235951 -0.896876
0.236195 -0.645633
0.236439 -0.490064
0.236683 -0.517576
0.236927 -0.507888
0.237171 -0.900907
0.237415 -0.038944
0.237659 -0.248343
0.237903 -0.196917
0.238147 -0.730322
0.238391 -0.949403
0.238635 -0.602064
0.238879 -0.863869
0.239123 -0.170131
0.239367 -0.800192
0.239611 -0.023460
0.239855 -0.408434
0.240099 -0.187333
0.240343 0.019093
0.240587 -0.400906
0.240831 -0.880237
0.241075 -0.430524
0.241319 -0.549924
0.241563 -0.841749
0.241807 -0.130093
0.242051 -0.584331
0.242295 -0.078400
0.242539 -0.722832
0.242783 -0.058002
0.243027 -0.295973
0.243271 -0.824556
0.243515 -0.235377
0.243759 -0.049561
0.244003 -0.142983
0.244247 -0.081612
0.244491 -0.142697
0.244735 -0.696302
0.244979 -0.610488
0.245223 -0.043444
0.245467 0.030519
0.245711 -0.392695
0.245955 -0.547302
0.246199 -0.031492
0.246443 -0.341513
0.246687 -0.903867
0.246931 -0.069146
0.247175 -0.426789
0.247419 -0.694576
0.247663 -0.497851
0.247907 -0.377615
0.248151 -0.150743
0.248395 -0.071202
0.248639 -0.735900
0.248883 -0.464462
0.249127 -0.038730
0.249371 -0.223957
0.249615 -0.514952
0.249859 -0.168843
0.250103 0.050558
0.250347 -0.744341
0.250591 -0.455667
0.250835 -0.557294
0.251079 0.044809
0.251323 -0.435827
0.251567 -0.229858
0.251811 -0.094253
0.252055 -0.455200
0.252299 -0.649323
0.252543 0.078659
0.252787 -0.572911
0.253031 -0.556938
0.253275 -0.800955
0.253519 -0.013461
0.253763 -0.273987
0.254007 -0.568847
0.254251 -0.789789
0.254495 -0.097627
0.254739 -0.322267
0.254983 0.052416
0.255227 -0.534796
0.255471 -0.895967
0.255715 -0.708752
0.255959 -0.544901
0.256203 -0.349853
0.256447 -0.692482
0.256691 0.052087
0.256935 -0.496396
0.257179 -0.374994
0.257423 -0.766082
0.257667 -0.838254
0.257911 -0.596946
0.258155 -0.783629
0.258399 0.080980
0.258643 -0.295151
0.258887 -0.506304
0.259131 0.016554
0.259375 -0.695329
0.259619 -0.724921
0.259863 -0.628159
0.260107 -0.530325
0.260351 -0.381981
0.260595 0.091810
0.260839 -0.007108
0.261083 0.026014
0.261327 -0.387135
0.261571 0.137569
0.261815 -0.086749
0.262058 -0.353933
0.262302 -0.089419
0.262546 -0.651147
0.262790 -0.673084
0.263034 -0.564543
0.263278 -0.751117
0.263522 -0.609402
0.263766 0.053541
0.264010 -0.308132
0.264254 -0.589827
0.264498 0.045831
0.264742 0.133747
0.264986 0.145548
0.265230 -0.602237
0.265474 -0.247857
0.265718 -0.811969
0.265962 -0.326040
0.266206 -0.233322
0.266450 -0.684532
0.266694 -0.804172
0.266938 -0.726991
0.267182 -0.485145
0.267426 -0.666853
0.267670 -0.149460
0.267914 -0.435277
0.268158 -0.558805
0.268402 -0.642824
0.268646 0.147039
0.268890 -0.376464
0.269134 -0.623304
0.269378 -0.671166
0.269622 -0.642021
0.269866 -0.597587
0.270110 0.194667
0.270354 -0.683853
0.270598 0.054761
0.270842 -0.460712
0.271086 0.006791
0.271330 0.085239
0.271574 -0.670087
0.271818 -0.173780
0.272062 -0.549185
0.272306 -0.462895
0.272550 -0.123254
0.272794 0.121487
0.273038 -0.523670
0.273282 -0.459446
0.273526 0.082942
0.273770 -0.013539
0.274014 -0.465231
0.274258 0.193239
0.274502 -0.206502
0.274746 -0.171675
0.274990 -0.419934
0.275234 0.041469
0.275478 -0.099527
0.275722 -0.170236
0.275966 -0.213907
0.276210 -0.709760
0.276454 -0.585137
0.276698 -0.552696
0.276942 -0.612968
0.277186 -0.465233
0.277430 0.177070
0.277674 -0.240964
0.277918 -0.452806
0.278162 0.044953
0.278406 -0.137596
0.278650 -0.556826
0.278894 -0.333676
0.279138 0.133512
0.279382 -0.562077
0.279626 -0.331129
0.279870 0.026544
0.280114 -0.360403
0.280358 -0.273658
0.280602 -0.319626
0.280846 0.187817
0.281090 0.058641
0.281334 0.233751
0.281578 -0.644416
0.281822 0.037017
0.282066 -0.649640
0.282310 -0.102573
0.282554 -0.479189
0.282798 -0.101832
0.283042 -0.044814
0.283286 -0.090259
0.283530 0.302330
0.283774 -0.390888
0.284018 0.051492
0.284262 0.274251
0.284506 0.296515
0.284750 -0.028624
0.284994 -0.416165
0.285238 0.250673
0.285482 -0.160610
0.285726 -0.520764
0.285970 0.094243
0.286214 0.344971
0.286458 0.157204
0.286702 -0.265404
0.286946 -0.112696
0.287190 0.000110
0.287434 -0.320862
0.287678 -0.546862
0.287922 -0.439359
0.288166 -0.355383
0.288410 0.293095
0.288654 -0.530986
0.288898 -0.568313
0.289142 0.254893
0.289386 -0.173585
0.289630 -0.356185
0.289874 -0.107563
0.290118 0.086998
0.290362 -0.467656
0.290606 0.085598
0.290850 0.222918
0.291093 -0.264979
0.291337 -0.136498
0.291581 -0.414703
0.291825 -0.104936
0.292069 0.171645
0.292313 0.313916
0.292557 -0.324186
0.292801 -0.101911
0.293045 -0.072321
0.293289 -0.389605
0.293533 0.220520
0.293777 0.116490
0.294021 0.066056
0.294265 0.035123
0.294509 -0.062559
0.294753 0.292043
0.294997 0.107271
0.295241 0.159906
0.295485 -0.235176
0.295729 -0.398819
0.295973 -0.437555
0.296217 -0.225758
0.296461 -0.524648
0.296705 0.378588
0.296949 0.229606
0.297193 0.287781
0.297437 0.444114
0.297681 0.018884
0.297925 -0.089845
0.298169 0.388396
0.298413 -0.022582
0.298657 -0.413060
0.298901 -0.298474
0.299145 0.237987
0.299389 0.108260
0.299633 0.168690
0.299877 -0.477755
0.300121 -0.014106
0.300365 0.265043
0.300609 0.493285
0.300853 0.025527
0.301097 -0.117293
0.301341 -0.280708
0.301585 -0.142122
0.301829 -0.442069
0.302073 -0.225829
0.302317 0.219161
0.302561 -0.113131
0.302805 0.319170
0.303049 0.257658
0.303293 -0.285355
0.303537 0.155756
0.303781 0.379304
0.304025 0.282131
0.304269 -0.419104
0.304513 0.211846
0.304757 -0.290361
0.305001 0.472118
0.305245 0.245596
0.305489 0.022667
0.305733 -0.116483
0.305977 -0.041791
0.306221 -0.372632
0.306465 0.383275
0.306709 -0.396663
0.306953 -0.005852
0.307197 0.290394
0.307441 0.313825
0.307685 -0.290152
0.307929 0.142619
0.308173 -0.277456
0.308417 -0.021314
0.308661 -0.169644
0.308905 0.310649
0.309149 -0.357435
0.309393 0.158260
0.309637 0.321608
0.309881 0.415391
0.310125 -0.257078
0.310369 -0.195394
0.310613 -0.335963
0.310857 -0.037254
0.311101 -0.225703
0.311345 -0.287281
0.311589 -0.036706
0.311833 0.318679
0.312077 0.378405
0.312321 -0.162248
0.312565 -0.284498
0.312809 -0.044345
0.313053 0.574648
0.313297 0.290544
0.313541 0.492499
0.313785 0.454606
0.314029 0.307929
0.314273 0.541591
0.314517 -0.296907
0.314761 0.544092
0.315005 -0.037289
0.315249 -0.134392
0.315493 0.087000
0.315737 -0.042080
0.315981 0.250461
0.316225 0.557590
0.316469 0.097091
0.316713 0.392275
0.316957 0.376141
0.317201 -0.048747
0.317445 -0.173108
0.317689 0.343651
0.317933 -0.109407
0.318177 -0.228126
0.318421 0.639056
0.318665 0.109077
0.318909 0.134281
0.319153 -0.145896
0.319397 0.151423
0.319641 -0.270358
0.319885 0.679450
0.320129 -0.243622
0.320372 -0.263481
0.320616 0.158343
0.320860 0.676410
0.321104 0.303035
0.321348 0.191217
0.321592 0.434330
0.321836 0.510376
0.322080 0.585384
0.322324 -0.267645
0.322568 0.143821
0.322812 0.675155
0.323056 0.453077
0.323300 -0.024913
0.323544 -0.050565
0.323788 0.269776
0.324032 0.026892
0.324276 0.049440
0.324520 0.469481
0.324764 0.024610
0.325008 0.264357
0.325252 0.512316
0.325496 0.287487
0.325740 0.262871
0.325984 0.109091
0.326228 0.210180
0.326472 0.374606
0.326716 0.703869
0.326960 0.255843
0.327204 0.749498
0.327448 0.704583
0.327692 0.514506
0.327936 0.061577
0.328180 0.730859
0.328424 0.344010
0.328668 0.514934
0.328912 0.634507
0.329156 0.402667
0.329400 -0.202056
0.329644 -0.055161
0.329888 0.632038
0.330132 -0.108520
0.330376 -0.106930
0.330620 0.696403
0.330864 0.799040
0.331108 0.664326
0.331352 -0.021303
0.331596 0.420373
0.331840 0.777447
0.332084 0.380045
0.332328 0.728009
0.332572 0.411434
0.332816 0.218788
0.333060 0.785352
0.333304 0.319502
0.333548 0.679300
0.333792 0.730527
0.334036 0.812152
0.334280 0.281018
0.334524 0.111219
0.334768 0.687725
0.335012 0.532190
0.335256 0.777021
0.335500 0.132781
0.335744 0.441158
0.335988 0.125556
0.336232 0.620353
0.336476 0.773140
0.336720 -0.046739
0.336964 0.518843
0.337208 0.789915
0.337452 0.540384
0.337696 0.392813
0.337940 0.849764
0.338184 0.735550
0.338428 0.014138
0.338672 0.720248
0.338916 0.413880
0.339160 0.251191
0.339404 0.560960
0.339648 0.794001
0.339892 0.250345
0.340136 0.197616
0.340380 0.078972
0.340624 0.029880
0.340868 0.022373
0.341112 0.856043
0.341356 0.178421
0.341600 0.144446
0.341844 0.348774
0.342088 0.194029
0.342332 0.703524
0.342576 0.013478
0.342820 0.243140
0.343064 0.824417
0.343308 0.002621
0.343552 0.176846
0.343796 0.816624
0.344040 -0.060922
0.344284 0.852898
0.344528 0.021488
0.344772 0.900567
0.345016 -0.001364
0.345260 0.444976
0.345504 0.172992
0.345748 0.745404
0.345992 0.458962
0.346236 0.335009
0.346480 0.127483
0.346724 0.451852
0.346968 0.316304
0.347212 0.769307
0.347456 0.655269
0.347700 0.290907
0.347944 0.751909
0.348188 0.288650
0.348432 0.006849
0.348676 0.568787
0.348920 0.657589
0.349164 0.017754
0.349407 0.453158
0.349651 0.192801
0.349895 0.323246
0.350139 0.546835
0.350383 0.190850
0.350627 0.594948
0.350871 0.068066
0.351115 0.811234
0.351359 0.144392
0.351603 0.169037
0.351847 0.095859
0.352091 0.875044
0.352335 0.695499
0.352579 0.877755
0.352823 0.356562
0.353067 0.025638
0.353311 0.871734
0.353555 0.185724
0.353799 0.694984
0.354043 0.084606
0.354287 0.025436
0.354531 -0.024589
0.354775 0.067436
0.355019 0.342261
0.355263 0.534012
0.355507 0.601220
0.355751 0.108541
0.355995 0.020819
0.356239 0.552928
0.356483 0.738931
0.356727 0.828485
0.356971 0.673746
0.357215 0.352744
0.357459 0.185949
0.357703 0.722455
0.357947 0.426354
0.358191 0.271554
0.358435 0.269272
0.358679 0.073541
0.358923 0.464892
0.359167 0.813542
0.359411 0.016868
0.359655 0.730369
0.359899 0.679576
0.360143 0.925458
0.360387 0.749234
0.360631 0.140154
0.360875 0.868374
0.361119 -0.017669
0.361363 0.246964
0.361607 0.919271
0.361851 0.407597
0.362095 0.512910
0.362339 0.150649
0.362583 0.742093
0.362827 0.795463
0.363071 0.197007
0.363315 0.749789
0.363559 0.829370
0.363803 0.974877
0.364047 0.165370
0.364291 0.816257
0.364535 0.817319
0.364779 0.841994
0.365023 0.133655
0.365267 0.639116
0.365511 0.289283
0.365755 0.846250
0.365999 0.401485
0.366243 0.916801
0.366487 0.750292
0.366731 0.088895
0.366975 0.248110
0.367219 0.663156
0.367463 0.326377
0.367707 0.825335
0.367951 0.755779
0.368195 0.783055
0.368439 0.969849
0.368683 0.778255
0.368927 0.592148
0.369171 0.474497
0.369415 0.451614
0.369659 0.167718
0.369903 0.782716
0.370147 0.112919
0.370391 0.921828
0.370635 0.863881
0.370879 0.005107
0.371123 0.774352
0.371367 0.320053
0.371611 0.569397
0.371855 0.435634
0.372099 0.053327
0.372343 0.416601
0.372587 0.437111
0.372831 0.680234
0.373075 0.332125
0.373319 0.765628
0.373563 0.029836
0.373807 0.820469
0.374051 0.157339
0.374295 0.351883
0.374539 0.027727
0.374783 0.105995
0.375027 0.880094
0.375271 0.211711
0.375515 0.590471
0.375759 0.324843
0.376003 0.216234
0.376247 0.810361
0.376491 0.779600
0.376735 0.382576
0.376979 0.882758
0.377223 0.455958
0.377467 0.947833
0.377711 0.121851
0.377955 0.966481
0.378199 0.532222
0.378442 0.501482
0.378686 0.913292
0.378930 0.181494
0.379174 0.830528
0.379418 0.941923
0.379662 0.049118
0.379906 0.671675
0.380150 0.762969
0.380394 0.592937
0.380638 0.470924
0.380882 0.514023
0.381126 0.737421
0.381370 0.919463
0.381614 0.862491
0.381858 0.579757
0.382102 0.476041
0.382346 0.844875
0.382590 0.639227
0.382834 0.908941
0.383078 0.558392
0.383322 0.972111
0.383566 0.865162
0.383810 0.254949
0.384054 0.970318
0.384298 0.115580
0.384542 0.629204
0.384786 0.955347
0.385030 0.940195
0.385274 0.049875
0.385518 0.911354
0.385762 0.784790
0.386006 0.843087
0.386250 0.881341
0.386494 0.470613
0.386738 0.947154
0.386982 0.454869
0.387226 0.949260
0.387470 0.785450
0.387714 0.862096
0.387958 0.337261
0.388202 0.662226
0.388446 0.578366
0.388690 0.902900
0.388934 0.634671
0.389178 0.176649
0.389422 0.955738
0.389666 0.742128
0.389910 0.064537
0.390154 0.322965
0.390398 0.693911
0.390642 0.460126
0.390886 0.382423
0.391130 0.686551
0.391374 0.703386
0.391618 0.074489
0.391862 0.102643
0.392106 0.248690
0.392350 0.201632
0.392594 0.644843
0.392838 0.756479
0.393082 0.494853
0.393326 0.626371
0.393570 0.610408
0.393814 0.468214
0.394058 0.395602
0.394302 0.820228
0.394546 0.516217
0.394790 0.131132
0.395034 0.167128
0.395278 0.518238
0.395522 0.784335
0.395766 -0.035673
0.396010 0.216994
0.396254 0.669213
0.396498 0.686013
0.396742 0.731551
0.396986 0.181984
0.397230 0.622343
0.397474 0.171409
0.397718 0.403307
0.397962 0.463756
0.398206 0.710287
0.398450 0.713087
0.398694 0.543939
0.398938 0.169092
0.399182 0.260233
0.399426 0.819238
0.399670 0.204232
0.399914 0.860401
0.400158 0.563622
0.400402 0.373081
0.400646 0.600967
0.400890 0.022936
0.401134 0.836111
0.401378 0.454964
0.401622 0.365586
0.401866 0.655604
0.402110 0.699391
0.402354 0.802762
0.402598 0.641527
0.402842 0.890501
0.403086 0.215370
0.403330 0.567384
0.403574 0.813106
0.403818 0.048255
0.404062 0.004269
0.404306 0.519584
0.404550 0.146200
0.404794 0.035088
0.405038 0.478558
0.405282 0.363925
0.405526 0.122312
0.405770 0.488032
0.406014 0.722617
0.406258 0.316441
0.406502 0.747287
0.406746 0.574278
0.406990 0.050540
0.407234 0.602605
0.407477 0.616003
0.407721 0.851234
0.407965 0.772956
0.408209 0.030917
0.408453 0.013900
0.408697 0.093310
0.408941 0.203961
0.409185 0.299195
0.409429 0.837231
0.409673 0.491633
0.409917 0.439494
0.410161 0.189814
0.410405 0.612343
0.410649 0.133332
0.410893 -0.061440
0.411137 0.309217
0.411381 0.396708
0.411625 0.166127
0.411869 0.438411
0.412113 0.529093
0.412357 0.841015
0.412601 0.554771
0.412845 0.234894
0.413089 0.784850
0.413333 0.195580
0.413577 0.835675
0.413821 0.359292
0.414065 0.387806
0.414309 0.540687
0.414553 0.775527
0.414797 0.683140
0.415041 0.507151
0.415285 0.023090
0.415529 0.340926
0.415773 0.481567
0.416017 -0.021863
0.416261 0.379666
0.416505 -0.115750
0.416749 0.487294
0.416993 0.092923
0.417237 0.529170
0.417481 -0.046874
0.417725 -0.034113
0.417969 0.529608
0.418213 0.513947
0.418457 0.628683
0.418701 -0.156182
0.418945 0.076851
0.419189 0.572126
0.419433 -0.200200
0.419677 0.420497
0.419921 0.308842
0.420165 0.622274
0.420409 0.278854
0.420653 0.695614
0.420897 -0.131508
0.421141 -0.058732
0.421385 0.165631
0.421629 -0.157264
0.421873 0.513834
0.422117 0.316518
0.422361 0.365477
0.422605 -0.139009
0.422849 0.584373
0.423093 0.454591
0.423337 0.668115
0.423581 -0.064649
0.423825 0.043768
0.424069 -0.073479
0.424313 0.293111
0.424557 0.537508
0.424801 -0.245165
0.425045 0.431562
0.425289 0.308501
0.425533 -0.202035
0.425777 0.143328
0.426021 0.660592
0.426265 -0.171432
0.426509 0.180975
0.426753 -0.093686
0.426997 0.540459
0.427241 0.397410
0.427485 -0.006550
0.427729 -0.077673
0.427973 0.140354
0.428217 0.464063
0.428461 -0.240858
0.428705 0.018183
0.428949 0.021375
0.429193 0.355749
0.429437 -0.010695
0.429681 -0.249769
0.429925 0.311088
0.430169 0.655597
0.430413 0.380913
0.430657 -0.145152
0.430901 0.283591
0.431145 0.390454
0.431389 -0.025844
0.431633 0.525665
0.431877 -0.273112
0.432121 -0.063863
0.432365 0.300007
0.432609 0.172840
0.432853 -0.121549
0.433097 0.045150
0.433341 0.049126
0.433585 -0.178996
0.433829 0.210659
0.434073 -0.095972
0.434317 0.293924
0.434561 -0.197340
0.434805 -0.153171
0.435049 0.626119
0.435293 -0.205908
0.435537 -0.098157
0.435781 -0.110473
0.436025 0.086177
0.436269 0.417884
0.436513 0.606120
0.436756 0.442008
0.437000 0.502986
0.437244 0.209368
0.437488 0.621558
0.437732 0.604713
0.437976 -0.323635
0.438220 0.133827
0.438464 0.308035
0.438708 0.227084
0.438952 0.284536
0.439196 0.031891
0.439440 0.190681
0.439684 -0.303063
0.439928 0.148533
0.440172 -0.185935
0.440416 0.203500
0.440660 0.547807
0.440904 -0.130575
0.441148 0.426664
0.441392 -0.178161
0.441636 0.166387
0.441880 -0.255036
0.442124 -0.379555
0.442368 -0.260233
0.442612 0.380212
0.442856 0.371968
0.443100 0.053284
0.443344 0.248786
0.443588 0.207973
0.443832 -0.160153
0.444076 -0.241907
0.444320 -0.026568
0.444564 0.553082
0.444808 -0.076926
0.445052 0.507189
0.445296 0.121304
0.445540 0.121542
0.445784 0.177185
0.446028 0.104389
0.446272 -0.097720
0.446516 0.346013
0.446760 0.345839
0.447004 0.136165
0.447248 0.274552
0.447492 -0.403187
0.447736 -0.015645
0.447980 0.212896
0.448224 -0.327532
0.448468 0.461540
0.448712 -0.293577
0.448956 0.231775
0.449200 -0.126342
0.449444 0.373822
0.449688 -0.039764
0.449932 -0.307819
0.450176 -0.339499
0.450420 0.373321
0.450664 -0.260172
0.450908 -0.404414
0.451152 0.433250
0.451396 0.277821
0.451640 0.138580
0.451884 -0.040161
0.452128 0.430192
0.452372 0.048390
0.452616 0.150589
0.452860 -0.519181
0.453104 -0.288106
0.453348 -0.370405
0.453592 -0.373704
0.453836 0.371249
0.454080 -0.435141
0.454324 0.045032
0.454568 -0.211293
0.454812 -0.091398
0.455056 -0.518190
0.455300 0.030552
0.455544 0.216576
0.455788 -0.276462
0.456032 0.374190
0.456276 -0.014687
0.456520 -0.299719
0.456764 0.359406
0.457008 0.173253
0.457252 -0.477055
0.457496 -0.122611
0.457740 0.134679
0.457984 -0.523623
0.458228 0.402921
0.458472 0.053437
0.458716 -0.160546
0.458960 0.394130
0.459204 0.124871
0.459448 0.114677
0.459692 0.297048
0.459936 0.255109
0.460180 -0.034452
0.460424 -0.061041
0.460668 0.322153
0.460912 0.324382
0.461156 -0.259324
0.461400 0.210598
0.461644 0.106648
0.461888 0.191670
0.462132 0.072758
0.462376 0.046193
0.462620 -0.435525
0.462864 -0.014240
0.463108 -0.554170
0.463352 0.336810
0.463596 -0.333237
0.463840 0.071750
0.464084 -0.171384
0.464328 0.213704
0.464572 0.298328
0.464816 -0.613826
0.465060 0.147337
0.465304 -0.457184
0.465548 -0.332951
0.465791 0.067787
0.466035 -0.610690
0.466279 -0.144788
0.466523 -0.202944
0.466767 -0.460845
0.467011 -0.381273
0.467255 -0.380822
0.467499 0.137384
0.467743 -0.304218
0.467987 -0.314221
0.468231 0.260312
0.468475 -0.183213
0.468719 -0.641295
0.468963 -0.089717
0.469207 -0.164101
0.469451 -0.423294
0.469695 -0.352606
0.469939 -0.478632
0.470183 -0.229902
0.470427 -0.087198
0.470671 -0.571520
0.470915 0.134132
0.471159 -0.444492
0.471403 -0.542984
0.471647 -0.502972
0.471891 0.044578
0.472135 -0.171835
0.472379 0.130976
0.472623 -0.353457
0.472867 -0.375540
0.473111 -0.278430
0.473355 0.102249
0.473599 -0.716284
0.473843 -0.403405
0.474087 -0.093645
0.474331 0.074309
0.474575 -0.255262
0.474819 -0.527296
0.475063 0.221834
0.475307 -0.057874
0.475551 -0.031669
0.475795 -0.065864
0.476039 -0.694583
0.476283 -0.655982
0.476527 -0.316657
0.476771 -0.562386
0.477015 0.126516
0.477259 0.141175
0.477503 -0.234534
0.477747 -0.173204
0.477991 -0.169118
0.478235 -0.643680
0.478479 -0.079360
0.478723 -0.769502
0.478967 -0.198323
0.479211 -0.397512
0.479455 -0.649444
0.479699 0.029976
0.479943 -0.656191
0.480187 -0.466506
0.480431 -0.442782
0.480675 0.175262
0.480919 -0.102654
0.481163 -0.653188
0.481407 -0.058120
0.481651 -0.367513
0.481895 0.186570
0.482139 -0.129369
0.482383 -0.644238
0.482627 -0.756317
0.482871 -0.789044
0.483115 -0.733732
0.483359 -0.742349
0.483603 -0.220801
0.483847 -0.516245
0.484091 -0.123274
0.484335 -0.364513
0.484579 -0.534462
0.484823 -0.574497
0.485067 -0.746647
0.485311 -0.652164
0.485555 -0.231516
0.485799 -0.682360
0.486043 -0.108756
0.486287 0.041481
0.486531 -0.286335
0.486775 -0.277049
0.487019 -0.295128
0.487263 -0.698511
0.487507 -0.474759
0.487751 -0.220686
0.487995 -0.224479
0.488239 -0.810325
0.488483 -0.135661
0.488727 -0.727582
0.488971 -0.599149
0.489215 -0.171457
0.489459 -0.551693
0.489703 -0.105732
0.489947 -0.020886
0.490191 -0.814093
0.490435 -0.667884
0.490679 -0.406540
0.490923 -0.241749
0.491167 -0.282948
0.491411 -0.366887
0.491655 -0.576753
0.491899 -0.018672
0.492143 0.020762
0.492387 -0.019699
0.492631 -0.205651
0.492875 -0.539842
0.493119 -0.835023
0.493363 -0.530475
0.493607 -0.462041
0.493851 -0.892535
0.494095 -0.161081
0.494339 -0.594117
0.494583 -0.314454
0.494826 -0.540500
0.495070 -0.012629
0.495314 -0.385685
0.495558 -0.628043
0.495802 -0.279734
0.496046 0.083867
0.496290 -0.400209
0.496534 -0.232399
0.496778 -0.641953
0.497022 -0.301528
0.497266 -0.661248
0.497510 -0.553707
0.497754 -0.213624
0.497998 -0.482780
0.498242 -0.017956
0.498486 -0.905215
0.498730 -0.839837
0.498974 -0.531512
0.499218 -0.748362
0.499462 -0.029545
0.499706 -0.182123
0.499950 -0.886565
0.500194 -0.188120
0.500438 0.013211
0.500682 -0.597979
0.500926 -0.044031
0.501170 -0.603479
0.501414 0.018023
0.501658 -0.811714
0.501902 -0.170753
0.502146 -0.027123
0.502391 -0.225888
0.502635 -0.344891
0.502879 0.014492
0.503123 -0.275425
0.503367 -0.422549
0.503611 -0.175568
0.503855 -0.751763
0.504099 -0.866696
0.504343 0.022195
0.504587 -0.594495
0.504831 -0.725111
0.505075 -0.057747
0.505319 -0.521995
0.505563 -0.727482
0.505807 -0.899737
0.506051 -0.719044
0.506295 -0.841119
0.506539 -0.692464
0.506783 -0.397640
0.507027 -0.266086
0.507271 -0.809675
0.507515 -0.860252
0.507759 -0.343786
0.508003 -0.366433
0.508247 -0.419474
0.508491 -0.187252
0.508735 -0.571706
0.508979 -0.640554
0.509223 -0.497670
0.509467 -0.089430
0.509711 -0.002710
0.509955 -0.076070
0.510199 -0.208169
0.510443 -0.826036
0.510687 -0.042672
0.510931 -0.373014
0.511175 -0.929968
0.511419 -0.861785
0.511663 -0.840277
0.511907 -0.940101
0.512151 -0.606005
0.512395 -0.176147
0.512639 -0.750370
0.512883 -0.759518
0.513127 -0.156778
0.513371 0.011006
0.513615 -0.845885
0.513860 -0.840264
0.514104 -0.051911
0.514348 -0.870733
0.514592 -0.822510
0.514836 -0.477494
0.515080 -0.633746
0.515324 -0.706142
0.515568 -0.139775
0.515812 -0.037770
0.516056 -0.286690
0.516300 -0.480253
0.516544 -0.742116
0.516788 -0.488216
0.517032 -0.046022
0.517276 -0.355440
0.517520 -0.203689
0.517764 -0.388394
0.518008 -0.739742
0.518252 -0.008296
0.518496 -0.640962
0.518740 -0.564209
0.518984 -0.257692
0.519228 -0.694757
0.519472 -0.236340
0.519716 -0.181879
0.519960 -0.040873
0.520204 -0.012855
0.520448 -0.717292
0.520692 -0.441341
0.520936 -0.385815
0.521180 -0.831151
0.521424 -0.633786
0.521668 -0.607158
0.521912 -0.656767
0.522156 -0.352207
0.522400 -0.778853
0.522644 -0.596485
0.522888 0.000176
0.523132 -0.779492
0.523376 -0.594930
0.523620 -0.842041
0.523864 -0.653015
0.524108 -0.556288
0.524352 -0.910860
0.524596 -0.649576
0.524840 -0.445560
0.525084 -0.646155
0.525329 -0.852051
0.525573 -0.767995
0.525817 -0.580614
0.526061 -0.822564
0.526305 -0.268938
0.526549 -0.391175
0.526793 -0.294616
0.527037 -0.437514
0.527281 -0.526180
0.527525 -0.310176
0.527769 -0.487722
0.528013 -0.637161
0.528257 -0.997212
0.528501 -0.434657
0.528745 -0.918463
0.528989 -0.493569
0.529233 -0.107599
0.529477 -0.402054
0.529721 -0.056495
0.529965 -0.021112
0.530209 -0.271028
0.530453 -0.493649
0.530697 -0.187758
0.530941 -0.546572
0.531185 -0.561373
0.531429 -0.575505
0.531673 -0.864687
0.531917 -0.401231
0.532161 -0.465199
0.532405 -0.284342
0.532649 -0.296504
0.532893 -0.404433
0.533137 -0.557756
0.533381 -0.175410
0.533625 -0.772333
0.533869 -0.106336
0.534113 -0.446764
0.534357 -0.052835
0.534601 -0.711331
0.534845 -0.259627
0.535089 -0.827597
0.535333 -0.199617
0.535577 -0.433656
0.535821 -0.488338
0.536065 0.006836
0.536309 -0.727414
0.536554 -0.245652
0.536798 -0.622596
0.537042 -0.643027
0.537286 -0.763789
0.537530 -0.933539
0.537774 -0.668307
0.538018 -0.334969
0.538262 -0.696119
0.538506 -0.258818
0.538750 -0.880255
0.538994 -0.422679
0.539238 -0.191247
0.539482 -0.549490
0.539726 -0.907533
0.539970 -0.823970
0.540214 -0.208800
0.540458 0.019413
0.540702 -0.479831
0.540946 -0.462281
0.541190 -0.727812
0.541434 -0.638174
0.541678 -0.603775
0.541922 -0.726238
0.542166 -0.404595
0.542410 -0.960033
0.542654 -0.737304
0.542898 -0.790124
0.543142 -0.881526
0.543386 -0.647197
0.543630 -0.912044
0.543874 -0.139878
0.544118 0.035643
0.544362 -0.639980
0.544606 -0.270935
0.544850 -0.147502
0.545094 -0.387777
0.545338 -0.251914
0.545582 0.008866
0.545826 -0.038248
0.546070 -0.387756
0.546314 -0.056096
0.546558 -0.060112
0.546802 -0.094178
0.547046 -0.798827
0.547290 -0.616902
0.547534 -0.874277
0.547778 -0.437672
0.548023 -0.895961
0.548267 -0.661177
0.548511 -0.128537
0.548755 -0.238855
0.548999 -0.698879
0.549243 -0.782955
0.549487 0.034449
0.549731 -0.690635
0.549975 0.041355
0.550219 -0.274457
0.550463 -0.853351
0.550707 -0.594765
0.550951 -0.543824
0.551195 -0.178653
0.551439 -0.160753
0.551683 -0.903591
0.551927 -0.446574
0.552171 -0.155578
0.552415 -0.898164
0.552659 -0.059895
0.552903 -0.126085
0.553147 -0.257138
0.553391 -0.593681
0.553635 -0.479994
0.553879 -0.408828
0.554123 -0.204026
0.554367 -0.772150
0.554611 -0.022670
0.554855 -0.664461
0.555099 -0.257835
0.555343 -0.007136
0.555587 -0.788333
0.555831 -0.475238
0.556075 -0.283226
0.556319 -0.013298
0.556563 -0.092234
0.556807 -0.519035
0.557051 -0.093013
0.557295 -0.748981
0.557539 0.045093
0.557783 -0.883543
0.558027 -0.669949
0.558271 0.002905
0.558515 0.045831
0.558759 -0.530983
0.559003 -0.359755
0.559247 -0.393299
0.559492 -0.782083
0.559736 -0.131951
0.559980 -0.628216
0.560224 -0.370221
0.560468 -0.350778
0.560712 0.012705
0.560956 -0.476521
0.561200 0.013481
0.561444 -0.790944
0.561688 -0.256361
0.561932 -0.108768
0.562176 -0.109103
0.562420 -0.186522
0.562664 -0.210870
0.562908 0.055104
0.563152 0.081712
0.563396 -0.389514
0.563640 -0.732794
0.563884 -0.573284
0.564128 -0.203327
0.564372 -0.758643
0.564616 -0.775106
0.564860 -0.736341
0.565104 -0.417974
0.565348 -0.165567
0.565592 -0.004526
0.565836 0.056617
0.566080 0.035487
0.566324 -0.112509
0.566568 -0.343996
0.566812 -0.803850
0.567056 -0.675259
0.567300 -0.304721
0.567544 -0.634800
0.567788 -0.675121
0.568032 0.040253
0.568276 -0.522176
0.568520 -0.136629
0.568764 -0.718699
0.569008 -0.586730
0.569252 -0.133347
0.569496 -0.083768
0.569740 0.041975
0.569984 -0.570118
0.570228 -0.095735
0.570472 -0.017376
0.570717 -0.432227
0.570961 -0.126603
0.571205 0.213623
0.571449 -0.111143
0.571693 -0.039309
0.571937 -0.174530
0.572181 -0.505931
0.572425 -0.210575
0.572669 -0.162462
0.572913 -0.342904
0.573157 -0.000652
0.573401 0.196608
0.573645 -0.673251
0.573889 0.041928
0.574133 0.154489
0.574377 -0.640443
0.574621 -0.405806
0.574865 0.021307
0.575109 -0.032512
0.575353 -0.225980
0.575597 -0.695161
0.575841 -0.345742
0.576085 -0.607691
0.576329 0.104304
0.576573 -0.073976
0.576817 -0.718063
0.577061 -0.700956
0.577305 -0.701094
0.577549 -0.720943
0.577793 -0.060944
0.578037 0.208218
0.578281 0.180230
0.578525 0.244590
0.578769 -0.057230
0.579013 -0.555608
0.579257 -0.709512
0.579501 0.029059
0.579745 0.190791
0.579989 -0.133440
0.580233 0.274647
0.580477 -0.102292
0.580721 0.199399
0.580965 -0.169623
0.581209 -0.418297
0.581453 -0.219372
0.581697 -0.586723
0.581941 -0.460351
0.582186 -0.234317
0.582430 -0.341998
0.582674 -0.181986
0.582918 -0.557720
0.583162 0.167113
0.583406 0.131389
0.583650 -0.613800
0.583894 -0.172391
0.584138 0.257304
0.584382 0.086003
0.584626 -0.610544
0.584870 0.280976
0.585114 -0.574750
0.585358 -0.148191
0.585602 0.106278
0.585846 0.152439
0.586090 -0.510334
0.586334 -0.231509
0.586578 -0.041962
0.586822 -0.305255
0.587066 -0.283389
0.587310 -0.439112
0.587554 -0.396145
0.587798 0.028045
0.588042 -0.375731
0.588286 -0.568285
0.588530 0.025508
0.588774 -0.413446
0.589018 0.356103
0.589262 0.276780
0.589506 0.134241
0.589750 0.204393
0.589994 -0.096203
0.590238 -0.070171
0.590482 -0.070168
0.590726 -0.504130
0.590970 -0.039247
0.591214 -0.157142
0.591458 -0.255878
0.591702 -0.312769
0.591946 -0.312188
0.592190 0.108082
0.592434 -0.400740
0.592678 -0.444184
0.592922 0.172405
0.593166 0.228246
0.593410 0.212963
0.593655 -0.367348
0.593899 -0.137658
0.594143 -0.459029
0.594387 -0.318899
0.594631 0.325234
0.594875 -0.244726
0.595119 -0.296247
0.595363 0.369483
0.595607 0.116370
0.595851 -0.374553
0.596095 0.145743
0.596339 0.045759
0.596583 -0.504474
0.596827 0.068701
0.597071 -0.107405
0.597315 -0.217042
0.597559 -0.221365
0.597803 -0.352782
0.598047 -0.329447
0.598291 -0.334488
0.598535 0.472973
0.598779 -0.085161
0.599023 -0.303825
0.599267 -0.170395
0.599511 0.343411
0.599755 -0.395097
0.599999 0.057771
0.600243 -0.131548
0.600487 -0.164462
0.600731 -0.238875
0.600975 0.094898
0.601219 0.134203
0.601463 0.013101
0.601707 0.093186
0.601951 -0.317760
0.602195 -0.032520
0.602439 -0.335123
0.602683 0.338147
0.602927 -0.176083
0.603171 0.386186
0.603415 -0.261953
0.603659 -0.090842
0.603903 0.464643
0.604147 0.264127
0.604391 -0.246328
0.604635 -0.387815
0.604879 -0.076054
0.605124 0.531394
0.605368 0.361059
0.605612 -0.287340
0.605856 -0.140366
0.606100 0.427420
0.606344 -0.312765
0.606588 0.132861
0.606832 0.166953
0.607076 0.338107
0.607320 -0.363086
0.607564 0.061376
0.607808 -0.280695
0.608052 0.247887
0.608296 -0.199157
0.608540 -0.244110
0.608784 0.357091
0.609028 0.338758
0.609272 0.126861
0.609516 -0.179133
0.609760 0.031214
0.610004 -0.233535
0.610248 0.011713
0.610492 -0.259354
0.610736 0.506388
0.610980 0.146190
0.611224 -0.031698
0.611468 -0.050027
0.611712 0.532016
0.611956 -0.221757
0.612200 0.525999
0.612444 0.222813
0.612688 -0.114501
0.612932 0.145182
0.613176 0.519111
0.613420 -0.339244
0.613664 0.195396
0.613908 -0.288341
0.614152 0.420761
0.614396 0.062140
0.614640 -0.050453
0.614884 0.558575
0.615128 -0.122620
0.615372 -0.046319
0.615616 0.595572
0.615860 -0.117916
0.616104 0.101153
0.616349 0.064969
0.616593 0.138905
0.616837 -0.110882
0.617081 0.275733
0.617325 0.527905
0.617569 0.145511
0.617813 0.120986
0.618057 0.632270
0.618301 0.581955
0.618545 0.554916
0.618789 -0.264565
0.619033 0.351105
0.619277 0.066332
0.619521 0.210180
0.619765 -0.220416
0.620009 -0.053641
0.620253 0.480815
0.620497 0.510735
0.620741 -0.016256
0.620985 0.288965
0.621229 -0.104194
0.621473 0.094860
0.621717 0.108127
0.621961 -0.075299
0.622205 0.493770
0.622449 -0.042887
0.622693 0.374045
0.622937 -0.156811
0.623181 0.022171
0.623425 -0.091604
0.623669 0.009428
0.623913 0.354704
0.624157 -0.059651
0.624401 -0.216825
0.624645 0.441713
0.624889 0.230338
0.625133 0.540551
0.625377 0.301601
0.625621 0.167863
0.625865 -0.237975
0.626109 -0.174883
0.626353 -0.007953
0.626597 -0.166250
0.626841 -0.100740
0.627085 0.420512
0.627329 0.080320
0.627573 0.553464
0.627818 0.117446
0.628062 0.310076
0.628306 0.751949
0.628550 0.000346
0.628794 0.175642
0.629038 0.666055
0.629282 0.693898
0.629526 0.300641
0.629770 0.418907
0.630014 0.562634
0.630258 0.321697
0.630502 0.261158
0.630746 0.781612
0.630990 -0.149005
0.631234 0.598402
0.631478 -0.037886
0.631722 0.148692
0.631966 -0.022019
0.632210 -0.148394
0.632454 0.246660
0.632698 0.230112
0.632942 0.028962
0.633186 0.494804
0.633430 0.137887
0.633674 0.605368
0.633918 0.776935
0.634162 0.059274
0.634406 0.714824
0.634650 0.094489
0.634894 0.018584
0.635138 0.442514
0.635382 0.479060
0.635626 0.110816
0.635870 -0.021469
0.636114 0.780301
0.636358 0.742217
0.636602 0.153094
0.636846 0.063617
0.637090 0.847382
0.637334 0.066824
0.637578 0.092196
0.637822 0.747651
0.638066 0.394191
0.638310 0.290566
0.638554 0.408806
0.638798 -0.131714
0.639042 0.325070
0.639287 0.166344
0.639531 0.039077
0.639775 0.117676
0.640019 0.124921
0.640263 0.148188
0.640507 -0.016555
0.640751 0.007161
0.640995 0.439492
0.641239 0.355626
0.641483 0.335562
0.641727 0.088301
0.641971 0.216999
0.642215 0.246280
0.642459 0.887426
0.642703 0.710562
0.642947 0.315844
0.643191 0.029460
0.643435 -0.032997
0.643679 0.097942
0.643923 -0.014036
0.644167 0.350444
0.644411 0.664227
0.644655 0.024562
0.644899 0.129042
0.645143 0.278293
0.645387 0.102315
0.645631 0.871576
0.645875 0.744452
0.646119 0.127004
0.646363 0.909952
0.646607 0.346076
0.646851 0.467002
0.647095 0.142230
0.647339 0.550947
0.647583 0.643278
0.647827 0.602723
0.648071 0.584407
0.648315 0.667799
0.648559 0.333305
0.648803 0.568830
0.649047 0.239720
0.649291 0.094817
0.649535 0.753997
0.649779 0.144541
0.650023 0.889792
0.650267 0.697750
0.650512 0.190635
0.650756 0.438227
0.651000 0.771807
0.651244 0.695501
0.651488 0.624153
0.651732 -0.021926
0.651976 0.560171
0.652220 0.620913
0.652464 0.328893
0.652708 0.831674
0.652952 0.900693
0.653196 0.576076
0.653440 0.101228
0.653684 0.161431
0.653928 0.028966
0.654172 0.939114
0.654416 0.400438
0.654660 0.121656
0.654904 0.503831
0.655148 0.178244
0.655392 0.182552
0.655636 0.503659
0.655880 0.587412
0.656124 0.929527
0.656368 0.709411
0.656612 0.035158
0.656856 0.302862
0.657100 -0.005508
0.657344 0.112859
0.657588 0.740433
0.657832 0.700932
0.658076 0.414106
0.658320 -0.003170
0.658564 0.266793
0.658808 0.367274
0.659052 0.274868
0.659296 0.856981
0.659540 0.584769
0.659784 0.700513
0.660028 0.404026
0.660272 0.600746
0.660516 0.967015
0.660760 -0.006322
0.661004 0.609204
0.661248 0.947499
0.661492 0.653062
0.661736 0.849207
0.661981 0.619558
0.662225 -0.008573
0.662469 0.105628
0.662713 0.959440
0.662957 0.384085
0.663201 0.707435
0.663445 0.265428
0.663689 0.783410
0.663933 0.884097
0.664177 0.681552
0.664421 0.709808
0.664665 0.151644
0.664909 0.114874
0.665153 0.847779
0.665397 0.122015
0.665641 0.329425
0.665885 0.394166
0.666129 0.511238
0.666373 0.977579
0.666617 0.571032
0.666861 0.652722
0.667105 0.440368
0.667349 0.853344
0.667593 0.694746
0.667837 0.863665
0.668081 0.308291
0.668325 0.266028
0.668569 0.710972
0.668813 0.266652
0.669057 0.265319
0.669301 0.446286
0.669545 0.034459
0.669789 0.543494
0.670033 0.923328
0.670277 0.954556
0.670521 0.311239
0.670765 0.600628
0.671009 0.533817
0.671253 0.544868
0.671497 0.392686
0.671741 0.116023
0.671985 0.640035
0.672229 0.183158
0.672473 0.486894
0.672717 0.505397
0.672961 0.985732
0.673205 0.625959
0.673450 0.019111
0.673694 0.464782
0.673938 0.960189
0.674182 0.465833
0.674426 0.232433
0.674670 0.745738
0.674914 0.362249
0.675158 0.050091
0.675402 0.060139
0.675646 0.318829
0.675890 0.763788
0.676134 0.178609
0.676378 0.300448
0.676622 0.582399
0.676866 0.253650
0.677110 0.987293
0.677354 0.625518
0.677598 0.772291
0.677842 0.844365
0.678086 0.923144
0.678330 0.455566
0.678574 0.229069
0.678818 0.321746
0.679062 0.217785
0.679306 0.229593
0.679550 0.678950
0.679794 0.819138
0.680038 0.764750
0.680282 0.103537
0.680526 0.184561
0.680770 0.897760
0.681014 0.807789
0.681258 0.607805
0.681502 0.921871
0.681746 0.413924
0.681990 0.345745
0.682234 0.294866
0.682478 0.439692
0.682722 0.954787
0.682966 0.660400
0.683210 0.908126
0.683454 0.557713
0.683698 0.123569
0.683942 0.873850
0.684186 0.103962
0.684430 0.559404
0.684675 0.455677
0.684919 0.941188
0.685163 0.257342
0.685407 0.836390
0.685651 0.246956
0.685895 0.985290
0.686139 0.382925
0.686383 0.639796
0.686627 0.075405
0.686871 0.379158
0.687115 0.702554
0.687359 0.095625
0.687603 0.297246
0.687847 0.483167
0.688091 0.890450
0.688335 0.140033
0.688579 0.299041
0.688823 0.442380
0.689067 0.527551
0.689311 0.530427
0.689555 0.786917
0.689799 0.950800
0.690043 0.795764
0.690287 0.589529
0.690531 0.894156
0.690775 0.388864
0.691019 0.944216
0.691263 0.837619
0.691507 0.388134
0.691751 0.239887
0.691995 0.557565
0.692239 0.169981
0.692483 0.758541
0.692727 0.192370
0.692971 0.158999
0.693215 0.735398
0.693459 0.467534
0.693703 0.833877
0.693947 0.177833
0.694191 0.172245
0.694435 0.143021
0.694679 0.343097
0.694923 0.814161
0.695167 0.357901
0.695411 -0.003122
0.695655 0.086157
0.695899 0.830798
0.696144 0.328490
0.696388 0.248858
0.696632 0.523496
0.696876 0.804403
0.697120 0.524579
0.697364 0.837744
0.697608 0.333459
0.697852 0.866851
0.698096 0.019231
0.698340 0.200599
0.698584 0.159049
0.698828 0.468020
0.699072 0.884947
0.699316 0.401988
0.699560 0.884018
0.699804 0.191443
0.700048 0.355293
0.700292 0.393664
0.700536 0.844211
0.700780 0.153590
0.701024 -0.062010
0.701268 0.686722
0.701512 0.880974
0.701756 0.018965
0.702000 0.134945
0.702244 0.216945
0.702488 0.642747
0.702732 0.161132
0.702976 -0.073370
0.703220 0.684649
0.703464 0.040533
0.703708 0.001717
0.703952 0.675767
0.704196 0.150586
0.704440 0.264114
0.704684 0.058568
0.704928 0.607481
0.705172 0.169008
0.705416 0.265274
0.705660 0.733749
0.705904 0.521870
0.706148 0.238574
0.706392 0.113767
0.706636 0.373294
0.706880 -0.104845
0.707124 0.853817
0.707368 0.132595
0.707613 0.629737
0.707857 0.025775
0.708101 -0.063603
0.708345 0.219134
0.708589 0.658392
0.708833 0.381828
0.709077 -0.070808
0.709321 0.257733
0.709565 0.179045
0.709809 0.805535
0.710053 0.333609
0.710297 0.030424
0.710541 -0.065865
0.710785 0.731930
0.711029 -0.028785
0.711273 0.532148
0.711517 0.574446
0.711761 0.076765
0.712005 0.751701
0.712249 0.096283
0.712493 0.504293
0.712737 -0.048549
0.712981 0.227349
0.713225 0.236988
0.713469 0.716181
0.713713 -0.140386
0.713957 0.716539
0.714201 0.614704
0.714445 0.147736
0.714689 0.532728
0.714933 0.276367
0.715177 0.031028
0.715421 0.590743
0.715665 0.060794
0.715909 0.306211
0.716153 -0.141225
0.716397 0.684644
0.716641 0.473754
0.716885 0.063637
0.717129 0.814261
0.717373 0.024877
0.717617 0.430735
0.717861 -0.126540
0.718105 0.477364
0.718349 -0.082021
0.718593 0.172742
0.718837 0.311372
0.719082 0.465963
0.719326 -0.185673
0.719570 0.395403
0.719814 0.143595
0.720058 0.671030
0.720302 -0.050106
0.720546 0.197814
0.720790 0.303569
0.721034 0.458192
0.721278 0.228058
0.721522 0.763635
0.721766 0.686923
0.722010 0.242767
0.722254 -0.126803
0.722498 -0.068692
0.722742 0.046255
0.722986 0.343726
0.723230 -0.113185
0.723474 0.308804
0.723718 -0.233402
0.723962 0.523667
0.724206 -0.162334
0.724450 0.089597
0.724694 -0.197199
0.724938 0.119812
0.725182 0.017191
0.725426 0.226158
0.725670 0.561024
0.725914 0.173946
0.726158 0.491456
0.726402 0.117241
0.726646 0.003800
0.726890 0.465948
0.727134 0.080652
0.727378 0.464662
0.727622 -0.238177
0.727866 -0.141554
0.728110 -0.202342
0.728354 0.456832
0.728598 0.532376
0.728842 -0.142399
0.729086 -0.222898
0.729330 -0.065871
0.729574 0.546244
0.729818 -0.202365
0.730062 0.225427
0.730307 0.693463
0.730551 0.384338
0.730795 0.554177
0.731039 0.424136
0.731283 0.587245
0.731527 -0.074994
0.731771 0.193325
0.732015 0.316732
0.732259 0.574104
0.732503 -0.296561
0.732747 0.462489
0.732991 -0.289154
0.733235 0.376511
0.733479 0.464735
0.733723 0.529360
0.733967 0.627387
0.734211 -0.097653
0.734455 0.191178
0.734699 -0.125027
0.734943 -0.173392
0.735187 0.086365
0.735431 0.385804
0.735675 -0.252479
0.735919 0.043797
0.736163 0.307787
0.736407 -0.107538
0.736651 0.082882
0.736895 -0.034982
0.737139 0.040244
0.737383 0.034935
0.737627 0.298186
0.737871 0.474214
0.738115 -0.109417
0.738359 0.355261
0.738603 -0.135283
0.738847 0.203014
0.739091 -0.317536
0.739335 -0.267121
0.739579 0.066292
0.739823 -0.084985
0.740067 -0.258921
0.740311 0.166139
0.740555 -0.150521
0.740799 -0.245465
0.741043 0.035400
0.741287 -0.003018
0.741531 0.171906
0.741776 -0.107580
0.742020 0.334120
0.742264 -0.139775
0.742508 -0.245173
0.742752 -0.400573
0.742996 0.031431
0.743240 0.138902
0.743484 -0.353816
0.743728 0.278558
0.743972 -0.201133
0.744216 0.206394
0.744460 0.500544
0.744704 0.487567
0.744948 -0.280004
0.745192 0.237298
0.745436 -0.017995
0.745680 0.483117
0.745924 0.063196
0.746168 -0.132476
0.746412 0.196602
0.746656 0.317553
0.746900 0.349722
0.747144 0.485516
0.747388 -0.440098
0.747632 0.019694
0.747876 -0.126953
0.748120 0.435432
0.748364 0.006691
0.748608 -0.109207
0.748852 0.325238
0.749096 -0.086004
0.749340 -0.051372
0.749584 0.447073
0.749828 -0.312670
0.750072 -0.158662
0.750316 -0.113749
0.750560 0.040133
0.750804 0.039422
0.751048 0.488304
0.751292 0.081250
0.751536 -0.314117
0.751780 0.447142
0.752024 0.140682
0.752268 0.195973
0.752512 0.134140
0.752756 -0.419724
0.753000 -0.418463
0.753245 0.305612
0.753489 -0.290343
0.753733 0.220390
0.753977 -0.326469
0.754221 0.189922
0.754465 -0.044279
0.754709 0.313084
0.754953 -0.178052
0.755197 0.310313
0.755441 -0.388351
0.755685 -0.278515
0.755929 -0.400301
0.756173 0.378914
0.756417 -0.043963
0.756661 0.337349
0.756905 0.315913
0.757149 -0.074583
0.757393 0.045829
0.757637 -0.294445
0.757881 -0.191186
0.758125 -0.231299
0.758369 -0.116379
0.758613 -0.181144
0.758857 0.245062
0.759101 -0.201698
0.759345 0.043606
0.759589 0.238320
0.759833 0.205473
0.760077 -0.026620
0.760321 -0.211899
0.760565 0.196732
0.760809 -0.160448
0.761053 -0.055749
0.761297 0.205109
0.761541 -0.159717
0.761785 0.369522
0.762029 0.203546
0.762273 -0.600865
0.762517 0.265415
0.762761 -0.274801
0.763005 0.172580
0.763249 0.265527
0.763493 -0.493429
0.763737 -0.408913
0.763981 0.129702
0.764225 -0.119587
0.764470 0.131753
0.764714 -0.353527
0.764958 -0.613054
0.765202 0.036704
0.765446 -0.398689
0.765690 0.280734
0.765934 -0.379589
0.766178 -0.041595
0.766422 0.046966
0.766666 -0.436063
0.766910 -0.238368
0.767154 -0.276700
0.767398 -0.372965
0.767642 -0.245194
0.767886 -0.644356
0.768130 -0.573607
0.768374 0.113772
0.768618 0.127063
0.768862 -0.208048
0.769106 -0.385592
0.769350 -0.130412
0.769594 -0.604664
0.769838 -0.684911
0.770082 0.023348
0.770326 -0.131701
0.770570 -0.478213
0.770814 0.220249
0.771058 0.149842
0.771302 -0.082748
0.771546 0.185294
0.771790 0.141372
0.772034 -0.312231
0.772278 -0.262798
0.772522 -0.306733
0.772766 -0.163476
0.773010 -0.638430
0.773254 0.055527
0.773498 -0.381166
0.773742 -0.621665
0.773986 0.186749
0.774230 -0.630331
0.774474 -0.056655
0.774718 0.154308
0.774962 -0.309815
0.775206 -0.463463
0.775450 -0.013699
0.775694 -0.415615
0.775939 0.119725
0.776183 -0.155521
0.776427 -0.096574
0.776671 -0.038588
0.776915 0.176186
0.777159 -0.276314
0.777403 0.034536
0.777647 -0.679231
0.777891 -0.702648
0.778135 -0.248057
0.778379 -0.117959
0.778623 -0.254229
0.778867 0.026509
0.779111 0.111035
0.779355 0.001882
0.779599 0.014735
0.779843 -0.504341
0.780087 0.151028
0.780331 -0.412564
0.780575 -0.003867
0.780819 -0.444162
0.781063 -0.782012
0.781307 0.028428
0.781551 -0.302000
0.781795 -0.415357
0.782039 -0.598550
0.782283 -0.774641
0.782527 -0.622130
0.782771 -0.496924
0.783015 -0.641365
0.783259 -0.058798
0.783503 -0.380191
0.783747 0.032392
0.783991 -0.129547
0.784235 -0.028415
0.784479 -0.216149
0.784723 -0.277312
0.784967 -0.713436
0.785211 -0.585738
0.785455 -0.264562
0.785699 -0.216065
0.785943 -0.484872
0.786187 -0.180264
0.786431 -0.739990
0.786675 -0.748739
0.786919 -0.285916
0.787163 -0.496178
0.787408 0.069382
0.787652 -0.484861
0.787896 -0.660720
0.788140 -0.196257
0.788384 -0.193629
0.788628 -0.251429
0.788872 -0.293094
0.789116 -0.441500
0.789360 -0.046458
0.789604 -0.738501
0.789848 -0.274535
0.790092 -0.404402
0.790336 0.052647
0.790580 -0.685545
0.790824 -0.046195
0.791068 -0.495586
0.791312 -0.859342
0.791556 -0.577681
0.791800 -0.357917
0.792044 -0.521893
0.792288 -0.190859
0.792532 -0.320190
0.792776 -0.089198
0.793020 -0.494695
0.793264 -0.207433
0.793508 -0.860660
0.793752 -0.274658
0.793996 -0.307646
0.794240 -0.507561
0.794484 -0.226778
0.794728 -0.178891
0.794972 -0.002181
0.795216 -0.656710
0.795460 0.050834
0.795704 -0.763580
0.795948 -0.839546
0.796192 -0.573689
0.796436 -0.337634
0.796680 -0.390755
0.796924 -0.898459
0.797168 -0.762371
0.797412 -0.579616
0.797656 -0.106662
0.797900 -0.416698
0.798144 0.017246
0.798388 -0.129767
0.798633 -0.349019
0.798877 -0.595792
0.799121 -0.455710
0.799365 -0.359178
0.799609 -0.421980
0.799853 -0.087020
0.800097 -0.194361
0.800341 -0.933223
0.800585 -0.582510
0.800829 -0.878161
0.801073 -0.556020
0.801317 -0.886679
0.801561 -0.081577
0.801805 -0.799245
0.802049 -0.608932
0.802293 -0.864826
0.802537 -0.004741
0.802781 -0.366081
0.803025 -0.406972
0.803269 -0.499101
0.803513 -0.254531
0.803757 -0.180574
0.804001 -0.766449
0.804245 -0.386750
0.804489 -0.519789
0.804733 -0.606503
0.804977 -0.638519
0.805221 -0.642272
0.805465 -0.574826
0.805709 -0.938930
0.805953 -0.670991
0.806197 -0.490134
0.806441 -0.752452
0.806685 -0.787508
0.806929 -0.053584
0.807173 -0.867147
0.807417 -0.934479
0.807661 -0.890205
0.807905 -0.239857
0.808149 -0.503527
0.808393 -0.903811
0.808637 -0.078394
0.808881 -0.639872
0.809125 -0.450931
0.809369 -0.401321
0.809613 -0.610637
0.809857 -0.877659
0.810102 -0.526731
0.810346 -0.731790
0.810590 -0.594306
0.810834 -0.706403
0.811078 -0.643081
0.811322 -0.262122
0.811566 -0.714213
0.811810 -0.175823
0.812054 -0.489232
0.812298 -0.656410
0.812542 0.013862
0.812786 -0.145322
0.813030 -0.536431
0.813274 -0.190465
0.813518 -0.755018
0.813762 -0.736495
0.814006 -0.833741
0.814250 0.009464
0.814494 -0.655476
0.814738 -0.818746
0.814982 -0.563347
0.815226 -0.539685
0.815470 -0.754511
0.815714 -0.122011
0.815958 -0.824905
0.816202 -0.295161
0.816446 -0.594279
0.816690 -0.070196
0.816934 -0.616695
0.817178 -0.761056
0.817422 -0.353966
0.817666 -0.928926
0.817910 -0.482967
0.818154 -0.859869
0.818398 -0.849853
0.818642 -0.361574
0.818886 -0.796063
0.819130 -0.946445
0.819374 -0.591658
0.819618 -0.987359
0.819862 -0.142108
0.820106 -0.308407
0.820350 -0.614631
0.820594 -0.034811
0.820838 -0.778789
0.821082 -0.496505
0.821326 -0.305365
0.821571 -0.685148
0.821815 -0.634294
0.822059 -0.329020
0.822303 -0.940984
0.822547 -0.198496
0.822791 -0.816027
0.823035 -0.913545
0.823279 -0.159613
0.823523 -0.417167
0.823767 -0.097708
0.824011 -0.530111
0.824255 -0.081252
0.824499 -0.739691
0.824743 -0.353930
0.824987 -0.719562
0.825231 -0.298088
0.825475 -0.159350
0.825719 -0.410475
0.825963 -0.420523
0.826207 -0.452309
0.826451 -0.460644
0.826695 -0.279654
0.826939 -0.499182
0.827183 -0.620884
0.827427 -0.168104
0.827671 -0.249093
0.827915 -0.515131
0.828159 -0.225594
0.828403 -0.340449
0.828647 -0.792542
0.828891 -0.067559
0.829135 -0.687032
0.829379 -0.804430
0.829623 -0.772127
0.829867 -0.565154
0.830111 -0.541950
0.830355 -0.921827
0.830599 -0.900066
0.830843 -0.763510
0.831087 -0.241661
0.831331 -0.483204
0.831575 -0.928860
0.831819 -0.913909
0.832063 -0.351351
0.832307 -0.822781
0.832551 -0.539135
0.832796 -0.867257
0.833040 -0.368273
0.833284 -0.747275
0.833528 -0.392859
0.833772 -0.976899
0.834016 -0.877863
0.834260 -0.373377
0.834504 -0.322003
0.834748 -0.143648
0.834992 -0.266436
0.835236 -0.466836
0.835480 -0.120317
0.835724 -0.847661
0.835968 -0.709491
0.836212 -0.377435
0.836456 -0.907459
0.836700 -0.509876
0.836944 -0.653781
0.837188 -0.163486
0.837432 -0.534085
0.837676 -0.027920
0.837920 -0.512837
0.838164 0.000696
0.838408 0.003085
0.838652 -0.828700
0.838896 -0.793473
0.839140 -0.459703
0.839384 -0.331951
0.839628 -0.283280
0.839872 -0.373222
0.840116 -0.775401
0.840360 -0.955412
0.840604 -0.826191
0.840848 -0.146615
0.841092 -0.652651
0.841336 -0.920269
0.841580 -0.623655
0.841824 -0.759373
0.842068 -0.751110
0.842312 -0.057866
0.842556 -0.134735
0.842800 -0.649404
0.843044 -0.413842
0.843288 -0.472737
0.843532 -0.408526
0.843776 -0.113178
0.844020 -0.742567
0.844265 -0.360039
0.844509 -0.461279
0.844753 -0.615821
0.844997 -0.613037
0.845241 -0.613711
0.845485 -0.577748
0.845729 -0.064773
0.845973 -0.723098
0.846217 -0.194662
0.846461 -0.879839
0.846705 -0.264535
0.846949 -0.267688
0.847193 -0.727049
0.847437 -0.006741
0.847681 -0.272141
0.847925 -0.335122
0.848169 -0.292530
0.848413 -0.249864
0.848657 -0.871592
0.848901 -0.616965
0.849145 -0.889608
0.849389 0.012948
0.849633 -0.886172
0.849877 -0.526905
0.850121 -0.528659
0.850365 -0.758995
0.850609 -0.547570
0.850853 -0.321040
0.851097 -0.429748
0.851341 -0.832008
0.851585 -0.640257
0.851829 -0.314182
0.852073 -0.293253
0.852317 -0.591062
0.852561 -0.640048
0.852805 -0.785398
0.853049 -0.111113
0.853293 -0.606753
0.853537 -0.565446
0.853781 -0.666940
0.854025 -0.487954
0.854269 -0.719177
0.854513 -0.760827
0.854757 -0.609965
0.855001 0.059031
0.855245 0.015851
0.855489 -0.329912
0.855734 -0.521071
0.855978 -0.146782
0.856222 -0.823546
0.856466 -0.438392
0.856710 -0.163291
0.856954 -0.604211
0.857198 -0.225089
0.857442 -0.204239
0.857686 0.084810
0.857930 -0.682319
0.858174 -0.334470
0.858418 -0.395172
0.858662 -0.281928
0.858906 -0.521392
0.859150 -0.283783
0.859394 -0.650853
0.859638 -0.252193
0.859882 -0.756743
0.860126 -0.600314
0.860370 -0.449876
0.860614 -0.094428
0.860858 -0.532876
0.861102 -0.038596
0.861346 -0.539088
0.861590 -0.686196
0.861834 -0.778075
0.862078 -0.180664
0.862322 -0.044962
0.862566 0.029249
0.862810 -0.207031
0.863054 -0.647177
0.863298 0.015000
0.863542 -0.634034
0.863786 -0.021027
0.864030 -0.263949
0.864274 -0.398768
0.864518 -0.596360
0.864762 -0.773974
0.865006 -0.027110
0.865250 -0.816175
0.865494 -0.412138
0.865738 -0.373311
0.865982 -0.210756
0.866226 -0.283099
0.866470 -0.171559
0.866714 -0.684292
0.866958 -0.461297
0.867203 -0.661638
0.867447 0.001842
0.867691 -0.706638
0.867935 -0.221486
0.868179 -0.425325
0.868423 -0.735562
0.868667 -0.792292
0.868911 -0.328544
0.869155 -0.666570
0.869399 0.082255
0.869643 0.127214
0.869887 -0.129601
0.870131 -0.536034
0.870375 -0.615896
0.870619 -0.165001
0.870863 0.041121
0.871107 0.167688
0.871351 -0.256238
0.871595 -0.324719
0.871839 -0.319443
0.872083 0.039059
0.872327 -0.002338
0.872571 -0.515477
0.872815 -0.614141
0.873059 0.018952
0.873303 0.204646
0.873547 -0.362778
0.873791 0.230899
0.874035 0.041301
0.874279 -0.646509
0.874523 -0.261500
0.874767 -0.593359
0.875011 -0.345805
0.875255 -0.275026
0.875499 -0.005615
0.875743 -0.218667
0.875987 -0.602962
0.876231 -0.685783
0.876475 -0.209128
0.876719 -0.463311
0.876963 0.214793
0.877207 0.220029
0.877451 -0.486386
0.877695 -0.463014
0.877939 -0.309667
0.878183 -0.592658
0.878428 0.138670
0.878672 -0.413872
0.878916 -0.623252
0.879160 -0.251439
0.879404 -0.373777
0.879648 0.230297
0.879892 0.010314
0.880136 -0.248914
0.880380 -0.351636
0.880624 0.261334
0.880868 -0.114378
0.881112 -0.124023
0.881356 -0.318193
0.881600 -0.422140
0.881844 0.174074
0.882088 -0.144832
0.882332 -0.002577
0.882576 -0.440286
0.882820 -0.533022
0.883064 -0.087346
0.883308 -0.422792
0.883552 -0.387389
0.883796 0.324363
0.884040 0.296524
0.884284 -0.509434
0.884528 0.038955
0.884772 0.111285
0.885016 0.027339
0.885260 -0.239572
0.885504 -0.109198
0.885748 -0.098008
0.885992 0.270124
0.886236 0.251228
0.886480 -0.038164
0.886724 -0.265802
0.886968 0.235188
0.887212 -0.390474
0.887456 -0.426039
0.887700 -0.006226
0.887944 0.014778
0.888188 -0.211840
0.888432 0.315452
0.888676 0.211840
0.888920 0.261357
0.889164 0.186501
0.889408 0.386087
0.889652 0.055018
0.889897 0.113984
0.890141 -0.063610
0.890385 -0.293858
0.890629 -0.209446
0.890873 0.279030
0.891117 0.366228
0.891361 -0.554510
0.891605 0.007130
0.891849 -0.328509
0.892093 0.174041
0.892337 0.128594
0.892581 -0.127382
0.892825 -0.477169
0.893069 0.340421
0.893313 -0.027987
0.893557 -0.289518
0.893801 0.362296
0.894045 0.313518
0.894289 -0.389289
0.894533 0.175842
0.894777 -0.222993
0.895021 -0.503703
0.895265 -0.131035
0.895509 -0.188086
0.895753 0.358240
0.895997 -0.431933
0.896241 -0.267104
0.896485 0.269162
0.896729 -0.261164
0.896973 -0.329083
0.897217 0.180062
0.897461 -0.032637
0.897705 0.129103
0.897949 -0.006970
0.898193 0.022771
0.898437 0.482544
0.898681 0.256817
0.898925 -0.220441
0.899169 0.421614
0.899413 0.439606
0.899657 0.117943
0.899901 0.302342
0.900145 0.224679
0.900389 0.192265
0.900633 0.443977
0.900877 -0.179906
0.901121 -0.210445
0.901366 0.070954
0.901610 0.292258
0.901854 0.059874
0.902098 0.443990
0.902342 0.480949
0.902586 -0.333906
0.902830 0.251583
0.903074 0.241321
0.903318 -0.369254
0.903562 -0.430393
0.903806 0.245967
0.904050 0.167045
0.904294 0.172903
0.904538 0.405135
0.904782 -0.251634
0.905026 0.453002
0.905270 0.538167
0.905514 0.118300
0.905758 0.198650
0.906002 0.155217
0.906246 0.244064
0.906490 -0.002622
0.906734 0.328909
0.906978 -0.348624
0.907222 -0.040253
0.907466 0.533397
0.907710 -0.069767
0.907954 0.214879
0.908198 -0.392634
0.908442 0.246758
0.908686 -0.140384
0.908930 0.320910
0.909174 0.282232
0.909418 -0.112730
0.909662 -0.181476
0.909906 -0.158380
0.910150 0.272619
0.910394 -0.086853
0.910638 -0.066109
0.910882 -0.214243
0.911126 -0.039912
0.911370 -0.344333
0.911614 -0.326539
0.911858 -0.260061
0.912102 -0.117929
0.912346 0.075668
0.912591 0.125981
0.912835 -0.333148
0.913079 -0.261905
0.913323 0.518085
0.913567 0.178258
0.913811 0.217678
0.914055 0.620126
0.914299 0.370850
0.914543 0.619790
0.914787 0.213913
0.915031 0.249158
0.915275 0.033992
0.915519 -0.293866
0.915763 0.455679
0.916007 0.498782
0.916251 0.106067
0.916495 0.212974
0.916739 0.512439
0.916983 -0.013039
0.917227 0.193261
0.917471 0.511306
0.917715 0.652190
0.917959 0.017725
0.918203 0.247787
0.918447 -0.304344
0.918691 0.565802
0.918935 0.653443
0.919179 -0.157890
0.919423 0.295834
0.919667 0.042491
0.919911 0.199424
0.920155 0.284695
0.920399 0.604492
0.920643 0.252346
0.920887 -0.118336
0.921131 -0.016118
0.921375 0.150689
0.921619 -0.206761
0.921863 -0.000591
0.922107 -0.033801
0.922351 0.351482
0.922595 0.157103
0.922839 0.333343
0.923083 -0.045110
0.923327 -0.127663
0.923571 -0.227628
0.923815 0.091244
0.924060 -0.084421
0.924304 0.727845
0.924548 0.279260
0.924792 0.171513
0.925036 0.474916
0.925280 0.654031
0.925524 0.193265
0.925768 0.026835
0.926012 0.118305
0.926256 -0.216919
0.926500 0.613850
0.926744 -0.091732
0.926988 0.573367
0.927232 0.152366
0.927476 0.134357
0.927720 0.771653
0.927964 0.285286
0.928208 0.078631
0.928452 0.608968
0.928696 0.627298
0.928940 0.389840
0.929184 -0.071408
0.929428 -0.066131
0.929672 0.614513
0.929916 0.091212
0.930160 0.317122
0.930404 0.497774
0.930648 0.581637
0.930892 -0.150133
0.931136 0.264934
0.931380 0.459117
0.931624 0.453292
0.931868 0.287741
0.932112 0.345900
0.932356 0.505364
0.932600 0.166256
0.932844 0.215891
0.933088 0.356205
0.933332 0.251104
0.933576 0.454589
0.933820 0.691940
0.934064 0.536220
0.934308 -0.068914
0.934552 0.265817
0.934796 0.512822
0.935040 -0.123901
0.935284 0.544179
0.935529 0.089157
0.935773 0.049377
0.936017 0.536993
0.936261 0.105289
0.936505 -0.022800
0.936749 0.829008
0.936993 -0.081505
0.937237 0.160348
0.937481 0.542004
0.937725 0.772526
0.937969 0.403788
0.938213 0.221604
0.938457 0.707223
0.938701 0.491832
0.938945 0.314026
0.939189 0.278929
0.939433 0.497416
0.939677 0.554050
0.939921 0.102674
0.940165 0.043726
0.940409 0.645362
0.940653 0.118738
0.940897 0.321479
0.941141 0.081179
0.941385 0.299370
0.941629 0.854894
0.941873 0.389158
0.942117 0.487662
0.942361 0.611281
0.942605 0.542765
0.942849 0.694051
0.943093 0.269514
0.943337 0.486499
0.943581 0.267942
0.943825 0.062062
0.944069 0.078672
0.944313 0.277583
0.944557 0.613422
0.944801 0.120938
0.945045 0.462475
0.945289 0.702219
0.945533 0.755891
0.945777 0.592490
0.946021 0.283234
0.946265 0.767373
0.946509 0.872565
0.946754 0.043620
0.946998 0.463915
0.947242 -0.019926
0.947486 0.764815
0.947730 0.127671
0.947974 0.716234
0.948218 0.627068
0.948462 0.105016
0.948706 0.847265
0.948950 0.407596
0.949194 0.403698
0.949438 0.212320
0.949682 0.869868
0.949926 0.222811
0.950170 0.173899
0.950414 0.764444
0.950658 0.427291
0.950902 0.776876
0.951146 0.142075
0.951390 0.350824
0.951634 0.830375
0.951878 0.835539
0.952122 0.218629
0.952366 0.274177
0.952610 0.130462
0.952854 0.299049
0.953098 0.859749
0.953342 0.505906
0.953586 -0.041730
0.953830 0.606372
0.954074 0.163275
0.954318 0.202791
0.954562 0.071701
0.954806 0.715037
0.955050 0.501736
0.955294 0.689580
0.955538 0.644411
0.955782 0.313793
0.956026 0.473569
0.956270 0.315209
0.956514 0.825148
0.956758 0.423732
0.957002 0.454022
0.957246 0.088363
0.957490 0.600442
0.957734 0.044602
0.957978 0.526875
0.958223 0.498198
0.958467 0.490759
0.958711 0.001808
0.958955 0.078438
0.959199 0.427024
0.959443 0.112442
0.959687 0.651285
0.959931 0.834647
0.960175 0.561246
0.960419 0.135646
0.960663 0.597877
0.960907 0.622970
0.961151 0.206332
0.961395 0.670119
0.961639 0.083675
0.961883 0.640125
0.962127 0.912405
0.962371 0.610392
0.962615 0.202398
0.962859 0.506891
0.963103 0.816683
0.963347 0.970495
0.963591 0.596387
0.963835 0.891173
0.964079 0.108978
0.964323 0.740738
0.964567 0.791986
0.964811 0.980846
0.965055 0.526318
0.965299 0.296934
0.965543 0.830381
0.965787 0.587502
0.966031 0.283392
0.966275 0.893675
0.966519 0.348915
0.966763 0.162047
0.967007 0.344511
0.967251 0.272961
0.967495 0.770461
0.967739 0.503886
0.967983 0.443829
0.968227 0.919041
0.968471 0.755864
0.968715 0.444550
0.968959 0.759879
0.969203 0.991257
0.969447 0.576998
0.969692 0.287350
0.969936 0.650284
0.970180 0.465829
0.970424 0.565236
0.970668 0.284162
0.970912 0.353793
0.971156 0.517568
0.971400 0.293017
0.971644 0.930140
0.971888 0.065001
0.972132 0.673629
0.972376 0.643745
0.972620 0.358785
0.972864 0.288468
0.973108 0.769482
0.973352 0.426421
0.973596 0.617159
0.973840 0.878477
0.974084 0.239158
0.974328 0.691982
0.974572 0.103636
0.974816 0.670371
0.975060 0.770531
0.975304 0.406646
0.975548 0.948780
0.975792 0.110212
0.976036 0.857382
0.976280 0.639008
0.976524 0.621058
0.976768 0.788470
0.977012 0.278869
0.977256 0.917098
0.977500 0.538346
0.977744 0.284424
0.977988 0.038177
0.978232 0.911699
0.978476 0.966175
0.978720 0.227483
0.978964 0.791371
0.979208 0.101934
0.979452 0.985015
0.979696 0.980990
0.979940 0.297670
0.980184 0.579493
0.980428 0.806616
0.980672 0.856194
0.980917 0.922479
0.981161 0.648125
0.981405 0.221321
0.981649 0.260973
0.981893 0.724518
0.982137 0.373738
0.982381 0.457819
0.982625 0.690795
0.982869 0.158038
0.983113 0.742550
0.983357 0.235799
0.983601 0.967597
0.983845 0.921539
0.984089 0.582344
0.984333 0.293354
0.984577 0.633007
0.984821 0.984273
0.985065 0.904057
0.985309 0.170610
0.985553 0.901962
0.985797 0.321896
0.986041 0.819223
0.986285 0.529787
0.986529 0.083463
0.986773 0.391784
0.987017 0.690279
0.987261 0.794323
0.987505 0.873887
0.987749 0.880688
0.987993 0.668976
0.988237 0.387064
0.988481 0.430077
0.988725 0.754234
0.988969 0.280034
0.989213 0.349572
0.989457 0.627598
0.989701 0.141173
0.989945 0.206174
0.990189 0.623537
0.990433 0.411107
0.990677 0.082351
0.990921 0.929958
0.991165 0.775522
0.991409 0.642511
0.991653 0.676394
0.991897 0.390108
0.992141 0.446216
0.992386 0.353594
0.992630 0.652959
0.992874 0.306843
0.993118 0.305715
0.993362 0.809106
0.993606 0.905329
0.993850 0.334258
0.994094 0.795832
0.994338 0.286644
0.994582 0.012787
0.994826 0.694512
0.995070 0.440694
0.995314 -0.020292
0.995558 0.284616
0.995802 0.450825
0.996046 0.007053
0.996290 0.929707
0.996534 0.357224
0.996778 0.075792
0.997022 0.295535
0.997266 0.394080
0.997510 0.874581
0.997754 0.470227
0.997998 0.843705
0.998242 0.555641
0.998486 0.284471
0.998730 0.089821
0.998974 0.322690
0.999218 -0.019576
0.999462 0.280927
0.999706 0.335575
0.999950 0.908649
